|     |   Total_cache_access |   Cache_reads |   Cache_writes |   Total_cache_miss |   Read_misses |   Write_misses |   Total_miss_rate |   Read_miss_rate |   Write_miss_rate |   Lines_evicted |   Leakage_cost (mW) |   Write_cost (nJ) |   Read_cost (nJ) |   Cache_size (Kib) |   Block_size (bytes) |   Assoc |   Cycle_time (ns) |
|----:|---------------------:|--------------:|---------------:|-------------------:|--------------:|---------------:|------------------:|-----------------:|------------------:|----------------:|--------------------:|------------------:|-----------------:|-------------------:|---------------------:|--------:|------------------:|
|  41 |               280576 |        264192 |          16384 |                 32 |             1 |             31 |          0.000114 |         4e-06    |          0.00011  |               0 |            1.16675  |        0.00184958 |       0.00307175 |                 16 |                  128 |       2 |         0.198345  |
|   6 |               280576 |        264192 |          16384 |                 32 |             1 |             31 |          0.000114 |         4e-06    |          0.00011  |               0 |            1.1905   |        0.00191222 |       0.00319841 |                 16 |                  128 |       4 |         0.198345  |
|  67 |               280576 |        264192 |          16384 |                 32 |             1 |             31 |          0.000114 |         4e-06    |          0.00011  |               0 |            2.31409  |        0.00233447 |       0.00343046 |                 32 |                  128 |       1 |         0.198345  |
| 158 |               280576 |        264192 |          16384 |                 32 |             1 |             31 |          0.000114 |         4e-06    |          0.00011  |               0 |            2.31752  |        0.00227003 |       0.00351342 |                 32 |                  128 |       2 |         0.198345  |
| 147 |               280576 |        264192 |          16384 |                 32 |             1 |             31 |          0.000114 |         4e-06    |          0.00011  |               0 |            2.34387  |        0.00248105 |       0.00366962 |                 32 |                  128 |       4 |         0.198345  |
| 146 |               280576 |        264192 |          16384 |                 32 |             1 |             31 |          0.000114 |         4e-06    |          0.00011  |               0 |            4.61697  |        0.00304265 |       0.00431221 |                 64 |                  128 |       1 |         0.198345  |
|  88 |               280576 |        264192 |          16384 |                 32 |             1 |             31 |          0.000114 |         4e-06    |          0.00011  |               0 |            4.61803  |        0.00347327 |       0.00433846 |                 64 |                  128 |       2 |         0.198345  |
|  66 |               280576 |        264192 |          16384 |                 32 |             1 |             31 |          0.000114 |         4e-06    |          0.00011  |               0 |            4.64411  |        0.00354448 |       0.00445656 |                 64 |                  128 |       4 |         0.198345  |
|  72 |               280576 |        264192 |          16384 |                 32 |             1 |             31 |          0.000114 |         4e-06    |          0.00011  |               0 |            4.7562   |        0.00371498 |       0.00477078 |                 64 |                  128 |       8 |         0.198345  |
| 104 |               280576 |        264192 |          16384 |                 64 |             1 |             63 |          0.000228 |         4e-06    |          0.000225 |               0 |            1.17038  |        0.00177693 |       0.00308752 |                 16 |                   64 |       1 |         0.198345  |
| 136 |               280576 |        264192 |          16384 |                 64 |             1 |             63 |          0.000228 |         4e-06    |          0.000225 |               0 |            1.17925  |        0.00205069 |       0.00310965 |                 16 |                   64 |       2 |         0.198345  |
|  56 |               280576 |        264192 |          16384 |                 64 |             1 |             63 |          0.000228 |         4e-06    |          0.000225 |               0 |            1.2015   |        0.00208355 |       0.00321395 |                 16 |                   64 |       4 |         0.198345  |
|  13 |               280576 |        264192 |          16384 |                 64 |             1 |             63 |          0.000228 |         4e-06    |          0.000225 |               0 |            2.33245  |        0.00236253 |       0.00350614 |                 32 |                   64 |       1 |         0.198345  |
|  17 |               280576 |        264192 |          16384 |                 64 |             1 |             63 |          0.000228 |         4e-06    |          0.000225 |               0 |            2.33647  |        0.00247142 |       0.00360678 |                 32 |                   64 |       2 |         0.198345  |
|  39 |               280576 |        264192 |          16384 |                 64 |             1 |             63 |          0.000228 |         4e-06    |          0.000225 |               0 |            2.36319  |        0.00280076 |       0.0037     |                 32 |                   64 |       4 |         0.198345  |
| 132 |               280576 |        264192 |          16384 |                 64 |             1 |             63 |          0.000228 |         4e-06    |          0.000225 |               0 |            2.47149  |        0.00298754 |       0.00403249 |                 32 |                   64 |       8 |         0.198345  |
|  55 |               280576 |        264192 |          16384 |                 64 |             1 |             63 |          0.000228 |         4e-06    |          0.000225 |               0 |            4.65179  |        0.00320667 |       0.00438968 |                 64 |                   64 |       1 |         0.198345  |
|  60 |               280576 |        264192 |          16384 |                 64 |             1 |             63 |          0.000228 |         4e-06    |          0.000225 |               0 |            4.65292  |        0.00354764 |       0.0044576  |                 64 |                   64 |       2 |         0.198345  |
|  89 |               280576 |        264192 |          16384 |                 64 |             1 |             63 |          0.000228 |         4e-06    |          0.000225 |               0 |            4.68168  |        0.00419072 |       0.00453898 |                 64 |                   64 |       4 |         0.198345  |
|  94 |               280576 |        264192 |          16384 |                 64 |             1 |             63 |          0.000228 |         4e-06    |          0.000225 |               0 |            4.79815  |        0.00434792 |       0.00483248 |                 64 |                   64 |       8 |         0.198345  |
|  14 |               280576 |        264192 |          16384 |                 64 |             1 |             63 |          0.000228 |         4e-06    |          0.000225 |               0 |            5.22044  |        0.00476889 |       0.00553201 |                 64 |                   64 |      16 |         0.198345  |
|  16 |               280576 |        264192 |          16384 |                128 |             1 |            127 |          0.000456 |         4e-06    |          0.000453 |               0 |            1.18924  |        0.00185347 |       0.00311707 |                 16 |                   32 |       1 |         0.198345  |
| 152 |               280576 |        264192 |          16384 |                128 |             1 |            127 |          0.000456 |         4e-06    |          0.000453 |               0 |            1.19804  |        0.00236843 |       0.00317827 |                 16 |                   32 |       2 |         0.198345  |
| 106 |               280576 |        264192 |          16384 |                128 |             1 |            127 |          0.000456 |         4e-06    |          0.000453 |               0 |            1.22337  |        0.00244952 |       0.00326834 |                 16 |                   32 |       4 |         0.198345  |
|   0 |               280576 |        264192 |          16384 |                128 |             1 |            127 |          0.000456 |         4e-06    |          0.000453 |               0 |            1.3301   |        0.00263949 |       0.00367359 |                 16 |                   32 |       8 |         0.198345  |
|  92 |               280576 |        264192 |          16384 |                128 |             1 |            127 |          0.000456 |         4e-06    |          0.000453 |               0 |            2.36666  |        0.00241397 |       0.0035936  |                 32 |                   32 |       1 |         0.198345  |
|  97 |               280576 |        264192 |          16384 |                128 |             1 |            127 |          0.000456 |         4e-06    |          0.000453 |               0 |            2.37405  |        0.00280442 |       0.00368919 |                 32 |                   32 |       2 |         0.198345  |
|   9 |               280576 |        264192 |          16384 |                128 |             1 |            127 |          0.000456 |         4e-06    |          0.000453 |               0 |            2.40169  |        0.00346348 |       0.00378406 |                 32 |                   32 |       4 |         0.198345  |
|  74 |               280576 |        264192 |          16384 |                128 |             1 |            127 |          0.000456 |         4e-06    |          0.000453 |               0 |            2.51444  |        0.00363697 |       0.00409584 |                 32 |                   32 |       8 |         0.198345  |
|  78 |               280576 |        264192 |          16384 |                128 |             1 |            127 |          0.000456 |         4e-06    |          0.000453 |               0 |            2.92891  |        0.00408633 |       0.00482775 |                 32 |                   32 |      16 |         0.198345  |
|  35 |               280576 |        264192 |          16384 |                128 |             1 |            127 |          0.000456 |         4e-06    |          0.000453 |               0 |            4.73661  |        0.00328028 |       0.00458242 |                 64 |                   32 |       1 |         0.198345  |
|  73 |               280576 |        264192 |          16384 |                128 |             1 |            127 |          0.000456 |         4e-06    |          0.000453 |               0 |            4.74038  |        0.0036229  |       0.0046554  |                 64 |                   32 |       2 |         0.198345  |
|  98 |               280576 |        264192 |          16384 |                128 |             1 |            127 |          0.000456 |         4e-06    |          0.000453 |               0 |            4.77257  |        0.00432381 |       0.00477836 |                 64 |                   32 |       4 |         0.198345  |
|  25 |               280576 |        264192 |          16384 |                128 |             1 |            127 |          0.000456 |         4e-06    |          0.000453 |               0 |            4.88189  |        0.00563712 |       0.00497919 |                 64 |                   32 |       8 |         0.198345  |
| 125 |               280576 |        264192 |          16384 |                128 |             1 |            127 |          0.000456 |         4e-06    |          0.000453 |               0 |            5.30272  |        0.00606952 |       0.00566048 |                 64 |                   32 |      16 |         0.198345  |
|  49 |               280576 |        264192 |          16384 |                256 |            17 |            239 |          0.000912 |         6.1e-05  |          0.000852 |               0 |            1.22682  |        0.00202986 |       0.00319949 |                 16 |                   16 |       1 |         0.198345  |
|   5 |               280576 |        264192 |          16384 |                256 |            17 |            239 |          0.000912 |         6.1e-05  |          0.000852 |               0 |            1.23454  |        0.00243002 |       0.00330138 |                 16 |                   16 |       2 |         0.198345  |
| 109 |               280576 |        264192 |          16384 |                256 |            17 |            239 |          0.000912 |         6.1e-05  |          0.000852 |               0 |            1.26273  |        0.00311473 |       0.00340763 |                 16 |                   16 |       4 |         0.198345  |
|  53 |               280576 |        264192 |          16384 |                256 |            17 |            239 |          0.000912 |         6.1e-05  |          0.000852 |               0 |            1.37407  |        0.00330541 |       0.00373859 |                 16 |                   16 |       8 |         0.198345  |
| 116 |               280576 |        264192 |          16384 |                256 |            17 |            239 |          0.000912 |         6.1e-05  |          0.000852 |               0 |            1.78649  |        0.00376725 |       0.00448155 |                 16 |                   16 |      16 |         0.198345  |
|  65 |               280576 |        264192 |          16384 |                256 |            17 |            239 |          0.000912 |         6.1e-05  |          0.000852 |               0 |            2.45374  |        0.00248905 |       0.00379122 |                 32 |                   16 |       1 |         0.198345  |
|  26 |               280576 |        264192 |          16384 |                256 |            17 |            239 |          0.000912 |         6.1e-05  |          0.000852 |               0 |            2.46376  |        0.00287299 |       0.00389048 |                 32 |                   16 |       2 |         0.198345  |
| 144 |               280576 |        264192 |          16384 |                256 |            17 |            239 |          0.000912 |         6.1e-05  |          0.000852 |               0 |            2.49489  |        0.00360027 |       0.00402962 |                 32 |                   16 |       4 |         0.198345  |
|  50 |               280576 |        264192 |          16384 |                256 |            17 |            239 |          0.000912 |         6.1e-05  |          0.000852 |               0 |            2.6002   |        0.00495914 |       0.00424585 |                 32 |                   16 |       8 |         0.198345  |
|  82 |               280576 |        264192 |          16384 |                256 |            17 |            239 |          0.000912 |         6.1e-05  |          0.000852 |               0 |            3.01316  |        0.00541993 |       0.00495952 |                 32 |                   16 |      16 |         0.198345  |
| 124 |               280576 |        264192 |          16384 |                256 |            17 |            239 |          0.000912 |         6.1e-05  |          0.000852 |               0 |            4.88978  |        0.00356328 |       0.00480772 |                 64 |                   16 |       1 |         0.198345  |
|  71 |               280576 |        264192 |          16384 |                256 |            17 |            239 |          0.000912 |         6.1e-05  |          0.000852 |               0 |            4.89761  |        0.0042109  |       0.0048873  |                 64 |                   16 |       2 |         0.198345  |
| 139 |               280576 |        264192 |          16384 |                256 |            17 |            239 |          0.000912 |         6.1e-05  |          0.000852 |               0 |            4.93585  |        0.00555476 |       0.00502014 |                 64 |                   16 |       4 |         0.198345  |
| 159 |               280576 |        264192 |          16384 |                256 |            17 |            239 |          0.000912 |         6.1e-05  |          0.000852 |               0 |            5.04921  |        0.00817046 |       0.00522757 |                 64 |                   16 |       8 |         0.198345  |
|  63 |               280576 |        264192 |          16384 |                256 |            17 |            239 |          0.000912 |         6.1e-05  |          0.000852 |               0 |            5.46711  |        0.00869408 |       0.00594072 |                 64 |                   16 |      16 |         0.198345  |
|  93 |               280576 |        264192 |          16384 |                512 |            49 |            463 |          0.001825 |         0.000175 |          0.00165  |               0 |            1.31626  |        0.00210244 |       0.00340221 |                 16 |                    8 |       1 |         0.198345  |
|  47 |               280576 |        264192 |          16384 |                512 |            49 |            463 |          0.001825 |         0.000175 |          0.00165  |               0 |            1.3267   |        0.0025005  |       0.00350961 |                 16 |                    8 |       2 |         0.198345  |
|  86 |               280576 |        264192 |          16384 |                512 |            49 |            463 |          0.001825 |         0.000175 |          0.00165  |               0 |            1.35825  |        0.00325521 |       0.00365937 |                 16 |                    8 |       4 |         0.198345  |
|  62 |               280576 |        264192 |          16384 |                512 |            49 |            463 |          0.001825 |         0.000175 |          0.00165  |               0 |            1.46184  |        0.00466054 |       0.00389189 |                 16 |                    8 |       8 |         0.198345  |
|  27 |               280576 |        264192 |          16384 |                512 |            49 |            463 |          0.001825 |         0.000175 |          0.00165  |               0 |            1.8732   |        0.00514206 |       0.00461744 |                 16 |                    8 |      16 |         0.198345  |
| 121 |               280576 |        264192 |          16384 |                512 |            49 |            463 |          0.001825 |         0.000175 |          0.00165  |               0 |            2.61096  |        0.0027803  |       0.00402312 |                 32 |                    8 |       1 |         0.198345  |
| 156 |               280576 |        264192 |          16384 |                512 |            49 |            463 |          0.001825 |         0.000175 |          0.00165  |               0 |            2.62704  |        0.00348571 |       0.00413226 |                 32 |                    8 |       2 |         0.198345  |
| 150 |               280576 |        264192 |          16384 |                512 |            49 |            463 |          0.001825 |         0.000175 |          0.00165  |               0 |            2.66221  |        0.00486419 |       0.004278   |                 32 |                    8 |       4 |         0.198345  |
| 111 |               280576 |        264192 |          16384 |                512 |            49 |            463 |          0.001825 |         0.000175 |          0.00165  |               0 |            2.77155  |        0.00755843 |       0.00450082 |                 32 |                    8 |       8 |         0.198345  |
| 161 |               280576 |        264192 |          16384 |                512 |            49 |            463 |          0.001825 |         0.000175 |          0.00165  |               0 |            3.1815   |        0.00811044 |       0.00524636 |                 32 |                    8 |      16 |         0.198345  |
|  83 |               280576 |        264192 |          16384 |                512 |            49 |            463 |          0.001825 |         0.000175 |          0.00165  |               0 |            5.1594   |        0.00453124 |       0.0069958  |                 64 |                    8 |       2 |         0.245104  |
| 163 |               280576 |        264192 |          16384 |                512 |            49 |            463 |          0.001825 |         0.000175 |          0.00165  |               0 |            5.17218  |        0.00369343 |       0.00540693 |                 64 |                    8 |       1 |         0.198345  |
|  36 |               280576 |        264192 |          16384 |                512 |            49 |            463 |          0.001825 |         0.000175 |          0.00165  |               0 |            5.20842  |        0.00587973 |       0.00716333 |                 64 |                    8 |       4 |         0.245104  |
| 154 |               280576 |        264192 |          16384 |                512 |            49 |            463 |          0.001825 |         0.000175 |          0.00165  |               0 |            5.33004  |        0.00863865 |       0.0074718  |                 64 |                    8 |       8 |         0.245104  |
| 140 |               280576 |        264192 |          16384 |                512 |            49 |            463 |          0.001825 |         0.000175 |          0.00165  |               0 |            5.7539   |        0.0141042  |       0.00796793 |                 64 |                    8 |      16 |         0.245104  |
|  19 |               280576 |        264192 |          16384 |               1024 |           113 |            911 |          0.00365  |         0.000403 |          0.003247 |               0 |            1.47955  |        0.00240605 |       0.00364399 |                 16 |                    4 |       1 |         0.198345  |
|  57 |               280576 |        264192 |          16384 |               1024 |           113 |            911 |          0.00365  |         0.000403 |          0.003247 |               0 |            1.49402  |        0.00312971 |       0.00375799 |                 16 |                    4 |       2 |         0.198345  |
|  79 |               280576 |        264192 |          16384 |               1024 |           113 |            911 |          0.00365  |         0.000403 |          0.003247 |               0 |            1.5296   |        0.0045521  |       0.00391435 |                 16 |                    4 |       4 |         0.198345  |
|   4 |               280576 |        264192 |          16384 |               1024 |           113 |            911 |          0.00365  |         0.000403 |          0.003247 |               0 |            1.63722  |        0.00732578 |       0.00415346 |                 16 |                    4 |       8 |         0.198345  |
| 153 |               280576 |        264192 |          16384 |               1024 |           113 |            911 |          0.00365  |         0.000403 |          0.003247 |               0 |            2.04647  |        0.00791499 |       0.00491252 |                 16 |                    4 |      16 |         0.198345  |
|  34 |               280576 |        264192 |          16384 |               1024 |           113 |            911 |          0.00365  |         0.000403 |          0.003247 |               0 |            2.90125  |        0.00291407 |       0.00463935 |                 32 |                    4 |       1 |         0.198345  |
| 127 |               280576 |        264192 |          16384 |               1024 |           113 |            911 |          0.00365  |         0.000403 |          0.003247 |               0 |            2.91074  |        0.00386718 |       0.00632362 |                 32 |                    4 |       2 |         0.245104  |
| 113 |               280576 |        264192 |          16384 |               1024 |           113 |            911 |          0.00365  |         0.000403 |          0.003247 |               0 |            2.9566   |        0.00525587 |       0.0065013  |                 32 |                    4 |       4 |         0.245104  |
|  44 |               280576 |        264192 |          16384 |               1024 |           113 |            911 |          0.00365  |         0.000403 |          0.003247 |               0 |            3.08108  |        0.00813257 |       0.0068376  |                 32 |                    4 |       8 |         0.245104  |
| 110 |               280576 |        264192 |          16384 |               1024 |           113 |            911 |          0.00365  |         0.000403 |          0.003247 |               0 |            3.49709  |        0.0137179  |       0.00735222 |                 32 |                    4 |      16 |         0.245104  |
|  21 |               280576 |        264192 |          16384 |               1024 |           113 |            911 |          0.00365  |         0.000403 |          0.003247 |               0 |            5.72314  |        0.00448792 |       0.00785333 |                 64 |                    4 |       1 |         0.245104  |
|  75 |               280576 |        264192 |          16384 |               1024 |           113 |            911 |          0.00365  |         0.000403 |          0.003247 |               0 |            5.75898  |        0.00576808 |       0.00799524 |                 64 |                    4 |       2 |         0.245104  |
|  33 |               280576 |        264192 |          16384 |               1024 |           113 |            911 |          0.00365  |         0.000403 |          0.003247 |               0 |            5.82777  |        0.008386   |       0.00819574 |                 64 |                    4 |       4 |         0.245104  |
| 122 |               280576 |        264192 |          16384 |               1024 |           113 |            911 |          0.00365  |         0.000403 |          0.003247 |               0 |            5.96519  |        0.0137332  |       0.00853059 |                 64 |                    4 |       8 |         0.245104  |
| 120 |               280576 |        264192 |          16384 |               1024 |           113 |            911 |          0.00365  |         0.000403 |          0.003247 |               0 |            6.40878  |        0.0245732  |       0.00905969 |                 64 |                    4 |      16 |         0.245104  |
| 103 |               280576 |        264192 |          16384 |               2048 |           241 |           1807 |          0.007299 |         0.000859 |          0.00644  |               0 |            1.77752  |        0.00253911 |       0.00427708 |                 16 |                    2 |       1 |         0.198345  |
|  85 |               280576 |        264192 |          16384 |               2048 |           241 |           1807 |          0.007299 |         0.000859 |          0.00644  |               0 |            1.8679   |        0.00345909 |       0.00399613 |                 16 |                    2 |       2 |         0.169342  |
|  10 |               280576 |        264192 |          16384 |               2048 |           241 |           1807 |          0.007299 |         0.000859 |          0.00644  |               0 |            1.9191   |        0.00490065 |       0.00418344 |                 16 |                    2 |       4 |         0.169342  |
|  48 |               280576 |        264192 |          16384 |               2048 |           241 |           1807 |          0.007299 |         0.000859 |          0.00644  |               0 |            2.04033  |        0.00783483 |       0.0045222  |                 16 |                    2 |       8 |         0.169342  |
|  30 |               280576 |        264192 |          16384 |               2048 |           241 |           1807 |          0.007299 |         0.000859 |          0.00644  |               0 |            2.39283  |        0.0134158  |       0.00545765 |                 16 |                    2 |      16 |         0.198345  |
| 133 |               280576 |        264192 |          16384 |               2048 |           241 |           1807 |          0.007299 |         0.000859 |          0.00644  |               0 |            3.48444  |        0.00379567 |       0.00718274 |                 32 |                    2 |       1 |         0.245104  |
|  32 |               280576 |        264192 |          16384 |               2048 |           241 |           1807 |          0.007299 |         0.000859 |          0.00644  |               0 |            3.53008  |        0.00514523 |       0.00735603 |                 32 |                    2 |       2 |         0.245104  |
|  52 |               280576 |        264192 |          16384 |               2048 |           241 |           1807 |          0.007299 |         0.000859 |          0.00644  |               0 |            3.59175  |        0.00782808 |       0.00756009 |                 32 |                    2 |       4 |         0.245104  |
| 157 |               280576 |        264192 |          16384 |               2048 |           241 |           1807 |          0.007299 |         0.000859 |          0.00644  |               0 |            3.73597  |        0.013392   |       0.00792936 |                 32 |                    2 |       8 |         0.245104  |
| 114 |               280576 |        264192 |          16384 |               2048 |           241 |           1807 |          0.007299 |         0.000859 |          0.00644  |               0 |            4.16775  |        0.0244507  |       0.00847036 |                 32 |                    2 |      16 |         0.245104  |
|  11 |               280576 |        264192 |          16384 |               2048 |           241 |           1807 |          0.007299 |         0.000859 |          0.00644  |               0 |            6.76967  |        0.00449887 |       0.00818244 |                 64 |                    2 |       1 |         0.245104  |
| 148 |               280576 |        264192 |          16384 |               2048 |           241 |           1807 |          0.007299 |         0.000859 |          0.00644  |               0 |            6.84903  |        0.00518068 |       0.00834443 |                 64 |                    2 |       2 |         0.245104  |
|  68 |               280576 |        264192 |          16384 |               2048 |           241 |           1807 |          0.007299 |         0.000859 |          0.00644  |               0 |            6.97991  |        0.006545   |       0.00856401 |                 64 |                    2 |       4 |         0.245104  |
|  20 |               280576 |        264192 |          16384 |               2048 |           241 |           1807 |          0.007299 |         0.000859 |          0.00644  |               0 |            7.27237  |        0.00934465 |       0.00896182 |                 64 |                    2 |       8 |         0.245104  |
| 130 |               280576 |        264192 |          16384 |               2048 |           241 |           1807 |          0.007299 |         0.000859 |          0.00644  |               0 |            8.17846  |        0.015117   |       0.00974061 |                 64 |                    2 |      16 |         0.245104  |
|  23 |               280576 |        264192 |          16384 |               4096 |           497 |           3599 |          0.014599 |         0.001771 |          0.012827 |               0 |            2.46357  |        0.00340769 |       0.0049053  |                 16 |                    1 |       1 |         0.171295  |
|  95 |               280576 |        264192 |          16384 |               4096 |           497 |           3599 |          0.014599 |         0.001771 |          0.012827 |               0 |            2.50304  |        0.00477012 |       0.00505492 |                 16 |                    1 |       2 |         0.172889  |
|  37 |               280576 |        264192 |          16384 |               4096 |           497 |           3599 |          0.014599 |         0.001771 |          0.012827 |               0 |            2.57398  |        0.00755529 |       0.0052752  |                 16 |                    1 |       4 |         0.174921  |
| 126 |               280576 |        264192 |          16384 |               4096 |           497 |           3599 |          0.014599 |         0.001771 |          0.012827 |               0 |            2.71099  |        0.0132262  |       0.00564034 |                 16 |                    1 |       8 |         0.176579  |
| 117 |               280576 |        264192 |          16384 |               4096 |           497 |           3599 |          0.014599 |         0.001771 |          0.012827 |               0 |            3.08319  |        0.0244783  |       0.00660876 |                 16 |                    1 |      16 |         0.198345  |
| 160 |               280576 |        264192 |          16384 |               4096 |           497 |           3599 |          0.014599 |         0.001771 |          0.012827 |               0 |            4.56467  |        0.0038094  |       0.00752775 |                 32 |                    1 |       1 |         0.245104  |
|  51 |               280576 |        264192 |          16384 |               4096 |           497 |           3599 |          0.014599 |         0.001771 |          0.012827 |               0 |            4.64533  |        0.0045357  |       0.00770596 |                 32 |                    1 |       2 |         0.245104  |
| 155 |               280576 |        264192 |          16384 |               4096 |           497 |           3599 |          0.014599 |         0.001771 |          0.012827 |               0 |            4.77844  |        0.00594723 |       0.00794497 |                 32 |                    1 |       4 |         0.245104  |
| 151 |               280576 |        264192 |          16384 |               4096 |           497 |           3599 |          0.014599 |         0.001771 |          0.012827 |               0 |            5.07105  |        0.00883756 |       0.00836035 |                 32 |                    1 |       8 |         0.245104  |
|  18 |               280576 |        264192 |          16384 |               4096 |           497 |           3599 |          0.014599 |         0.001771 |          0.012827 |               0 |            5.97894  |        0.0147911  |       0.00917526 |                 32 |                    1 |      16 |         0.245104  |
| 128 |               280576 |        264192 |          16384 |               4096 |           497 |           3599 |          0.014599 |         0.001771 |          0.012827 |               0 |            8.98103  |        0.00578455 |       0.011562   |                 64 |                    1 |       1 |         0.345502  |
| 108 |               280576 |        264192 |          16384 |               4096 |           497 |           3599 |          0.014599 |         0.001771 |          0.012827 |               0 |            9.44024  |        0.00663396 |       0.00808471 |                 64 |                    1 |       2 |         0.269384  |
| 107 |               280576 |        264192 |          16384 |               4096 |           497 |           3599 |          0.014599 |         0.001771 |          0.012827 |               0 |            9.70512  |        0.00801381 |       0.00832202 |                 64 |                    1 |       4 |         0.269384  |
| 102 |               280576 |        264192 |          16384 |               4096 |           497 |           3599 |          0.014599 |         0.001771 |          0.012827 |               0 |           10.2857   |        0.0108169  |       0.00876832 |                 64 |                    1 |       8 |         0.269384  |
| 137 |               280576 |        264192 |          16384 |               4096 |           497 |           3599 |          0.014599 |         0.001771 |          0.012827 |               0 |           12.2651   |        0.0265777  |       0.00922345 |                 64 |                    1 |      16 |         0.267742  |
|   7 |               280576 |        264192 |          16384 |               4873 |          1344 |           3529 |          0.017368 |         0.00479  |          0.012578 |            3514 |            0.628916 |        0.00131142 |       0.00165027 |                  8 |                  128 |       2 |         0.122769  |
|  69 |               280576 |        264192 |          16384 |               7442 |          1360 |           6082 |          0.026524 |         0.004847 |          0.021677 |            6051 |            0.635244 |        0.00140033 |       0.00165757 |                  8 |                   64 |       2 |         0.122769  |
|   8 |               280576 |        264192 |          16384 |               8452 |           816 |           7636 |          0.030124 |         0.002908 |          0.027215 |            7605 |            0.628186 |        0.00130576 |       0.00163184 |                  8 |                   64 |       1 |         0.122769  |
| 119 |               280576 |        264192 |          16384 |               8956 |           129 |           8827 |          0.03192  |         0.00046  |          0.03146  |            8620 |            1.22632  |        0.00351819 |       0.00355795 |                  8 |                    8 |      16 |         0.176461  |
|  61 |               280576 |        264192 |          16384 |               9212 |           189 |           9023 |          0.032832 |         0.000674 |          0.032159 |            8624 |            1.315    |        0.00492597 |       0.00369713 |                  8 |                    4 |      16 |         0.176461  |
|   2 |               280576 |        264192 |          16384 |               9336 |           116 |           9220 |          0.033274 |         0.000413 |          0.032861 |            9109 |            0.802464 |        0.00222154 |       0.00227444 |                  8 |                   16 |       8 |         0.122769  |
|  90 |               280576 |        264192 |          16384 |               9464 |           149 |           9315 |          0.033731 |         0.000531 |          0.0332   |            9108 |            0.847937 |        0.00291219 |       0.00234191 |                  8 |                    8 |       8 |         0.122769  |
|  81 |               280576 |        264192 |          16384 |               9720 |           221 |           9499 |          0.034643 |         0.000788 |          0.033855 |            9100 |            0.938728 |        0.00431678 |       0.00250016 |                  8 |                    4 |       8 |         0.122769  |
|  15 |               280576 |        264192 |          16384 |               9724 |           338 |           9386 |          0.034657 |         0.001205 |          0.033453 |            8603 |            1.4922   |        0.00776485 |       0.00399881 |                  8 |                    2 |      16 |         0.176461  |
|  45 |               280576 |        264192 |          16384 |              10232 |           402 |           9830 |          0.036468 |         0.001433 |          0.035035 |            9047 |            1.12015  |        0.00708093 |       0.00277163 |                  8 |                    2 |       8 |         0.122769  |
| 145 |               280576 |        264192 |          16384 |              10748 |           650 |          10098 |          0.038307 |         0.002317 |          0.03599  |            8547 |            1.84644  |        0.0133976  |       0.00455713 |                  8 |                    1 |      16 |         0.176461  |
|  91 |               280576 |        264192 |          16384 |              11256 |           778 |          10478 |          0.040117 |         0.002773 |          0.037345 |            8927 |            1.46188  |        0.00737074 |       0.00357227 |                  8 |                    1 |       8 |         0.132039  |
|  64 |               280576 |        264192 |          16384 |              11440 |          1244 |          10196 |          0.040773 |         0.004434 |          0.03634  |           10085 |            0.694171 |        0.00200804 |       0.00191667 |                  8 |                   16 |       4 |         0.122769  |
| 143 |               280576 |        264192 |          16384 |              11440 |          1149 |          10291 |          0.040773 |         0.004095 |          0.036678 |           10084 |            0.734511 |        0.00270373 |       0.00200403 |                  8 |                    8 |       4 |         0.122769  |
|  80 |               280576 |        264192 |          16384 |              11568 |          1528 |          10040 |          0.041229 |         0.005446 |          0.035784 |            9977 |            0.673926 |        0.00167185 |       0.00188464 |                  8 |                   32 |       4 |         0.122769  |
| 112 |               280576 |        264192 |          16384 |              11632 |          1181 |          10451 |          0.041458 |         0.004209 |          0.037248 |           10052 |            0.832396 |        0.00284811 |       0.00226215 |                  8 |                    4 |       4 |         0.122769  |
| 141 |               280576 |        264192 |          16384 |              12120 |          1402 |          10718 |          0.043197 |         0.004997 |          0.0382   |            9935 |            1.00778  |        0.00417798 |       0.00252372 |                  8 |                    2 |       4 |         0.122769  |
|  58 |               280576 |        264192 |          16384 |              12798 |           173 |          12625 |          0.045613 |         0.000617 |          0.044997 |           12482 |            0.94989  |        0.00340489 |       0.00309112 |                  4 |                    4 |      16 |         0.16565   |
| 138 |               280576 |        264192 |          16384 |              12924 |           129 |          12795 |          0.046062 |         0.00046  |          0.045603 |           12716 |            0.503263 |        0.00195078 |       0.00181478 |                  4 |                    8 |       8 |         0.100959  |
|  43 |               280576 |        264192 |          16384 |              13052 |           189 |          12863 |          0.046519 |         0.000674 |          0.045845 |           12720 |            0.54974  |        0.0026579  |       0.0018839  |                  4 |                    4 |       8 |         0.100959  |
| 105 |               280576 |        264192 |          16384 |              13054 |           306 |          12748 |          0.046526 |         0.001091 |          0.045435 |           12477 |            1.04103  |        0.00485389 |       0.00323442 |                  4 |                    2 |      16 |         0.16565   |
| 135 |               280576 |        264192 |          16384 |              13075 |          1166 |          11909 |          0.046601 |         0.004156 |          0.042445 |           11798 |            0.667987 |        0.00161649 |       0.00177993 |                  8 |                   16 |       2 |         0.122769  |
|   1 |               280576 |        264192 |          16384 |              13091 |          1376 |          11715 |          0.046658 |         0.004904 |          0.041753 |           11652 |            0.647748 |        0.00160144 |       0.00169547 |                  8 |                   32 |       2 |         0.122769  |
|  24 |               280576 |        264192 |          16384 |              13107 |          1105 |          12002 |          0.046715 |         0.003938 |          0.042776 |           11795 |            0.705077 |        0.0019999  |       0.00189454 |                  8 |                    8 |       2 |         0.122769  |
|  42 |               280576 |        264192 |          16384 |              13116 |          1876 |          11240 |          0.046747 |         0.006686 |          0.04006  |            9689 |            1.35888  |        0.00474916 |       0.00303652 |                  8 |                    1 |       4 |         0.145337  |
| 142 |               280576 |        264192 |          16384 |              13267 |          1149 |          12118 |          0.047285 |         0.004095 |          0.04319  |           11719 |            0.799291 |        0.00207228 |       0.00210646 |                  8 |                    4 |       2 |         0.122769  |
|  46 |               280576 |        264192 |          16384 |              13308 |           338 |          12970 |          0.047431 |         0.001205 |          0.046226 |           12699 |            0.642542 |        0.00409547 |       0.00204545 |                  4 |                    2 |       8 |         0.100959  |
|  59 |               280576 |        264192 |          16384 |              13566 |           586 |          12980 |          0.048351 |         0.002089 |          0.046262 |           12453 |            1.22315  |        0.0077752  |       0.00354434 |                  4 |                    1 |      16 |         0.16565   |
|  28 |               280576 |        264192 |          16384 |              13635 |          1361 |          12274 |          0.048596 |         0.004851 |          0.043746 |           11491 |            0.970644 |        0.00271798 |       0.00236143 |                  8 |                    2 |       2 |         0.122769  |
| 134 |               280576 |        264192 |          16384 |              13820 |           650 |          13170 |          0.049256 |         0.002317 |          0.046939 |           12643 |            0.827982 |        0.00692557 |       0.0023235  |                  4 |                    1 |       8 |         0.101646  |
|  87 |               280576 |        264192 |          16384 |              13944 |           661 |          13283 |          0.049698 |         0.002356 |          0.047342 |           13204 |            0.405981 |        0.00180993 |       0.00115368 |                  4 |                    8 |       4 |         0.0990866 |
|  77 |               280576 |        264192 |          16384 |              14008 |           756 |          13252 |          0.049926 |         0.002694 |          0.047231 |           13205 |            0.371394 |        0.00136658 |       0.00134117 |                  4 |                   16 |       4 |         0.100959  |
|  54 |               280576 |        264192 |          16384 |              14024 |           685 |          13339 |          0.049983 |         0.002441 |          0.047541 |           13196 |            0.447412 |        0.00250817 |       0.00129832 |                  4 |                    4 |       4 |         0.0990866 |
|  70 |               280576 |        264192 |          16384 |              14232 |          1080 |          13152 |          0.050724 |         0.003849 |          0.046875 |           13121 |            0.359923 |        0.001187   |       0.0013248  |                  4 |                   32 |       4 |         0.100959  |
| 100 |               280576 |        264192 |          16384 |              14256 |           842 |          13414 |          0.05081  |         0.003001 |          0.047809 |           13143 |            0.549938 |        0.00267546 |       0.00157006 |                  4 |                    2 |       4 |         0.0990866 |
| 131 |               280576 |        264192 |          16384 |              14391 |          1811 |          12580 |          0.051291 |         0.006455 |          0.044836 |           11029 |            1.31115  |        0.00327959 |       0.00285125 |                  8 |                    1 |       2 |         0.145337  |
|  76 |               280576 |        264192 |          16384 |              14740 |          1190 |          13550 |          0.052535 |         0.004241 |          0.048294 |           13023 |            0.731357 |        0.00405478 |       0.00184152 |                  4 |                    1 |       4 |         0.102452  |
|  22 |               280576 |        264192 |          16384 |              16048 |          1789 |          14259 |          0.057197 |         0.006376 |          0.05082  |           14180 |            0.379481 |        0.00172488 |       0.00105965 |                  4 |                    8 |       2 |         0.0990866 |
|  99 |               280576 |        264192 |          16384 |              16096 |          1805 |          14291 |          0.057368 |         0.006433 |          0.050935 |           14148 |            0.417805 |        0.00178965 |       0.00118842 |                  4 |                    4 |       2 |         0.0990866 |
| 162 |               280576 |        264192 |          16384 |              16176 |          1948 |          14228 |          0.057653 |         0.006943 |          0.05071  |           14181 |            0.345793 |        0.00129862 |       0.00124939 |                  4 |                   16 |       2 |         0.100959  |
| 115 |               280576 |        264192 |          16384 |              16312 |          2010 |          14302 |          0.058138 |         0.007164 |          0.050974 |           14031 |            0.514499 |        0.00186409 |       0.00140742 |                  4 |                    2 |       2 |         0.0990866 |
| 149 |               280576 |        264192 |          16384 |              16391 |          1088 |          15303 |          0.058419 |         0.003878 |          0.054541 |           15240 |            0.638728 |        0.00138642 |       0.00164656 |                  8 |                   32 |       1 |         0.122769  |
|  84 |               280576 |        264192 |          16384 |              16407 |          1017 |          15390 |          0.058476 |         0.003625 |          0.054851 |           15279 |            0.659658 |        0.00157105 |       0.0016993  |                  8 |                   16 |       1 |         0.122769  |
|  38 |               280576 |        264192 |          16384 |              16439 |          1019 |          15420 |          0.05859  |         0.003632 |          0.054958 |           15213 |            0.695834 |        0.00160164 |       0.00180134 |                  8 |                    8 |       1 |         0.122769  |
|  96 |               280576 |        264192 |          16384 |              16503 |          1080 |          15423 |          0.058818 |         0.003849 |          0.054969 |           15024 |            0.787472 |        0.00167604 |       0.00200929 |                  8 |                    4 |       1 |         0.122769  |
|  40 |               280576 |        264192 |          16384 |              16528 |          2424 |          14104 |          0.058907 |         0.008639 |          0.050268 |           14073 |            0.334786 |        0.00112729 |       0.00123385 |                  4 |                   32 |       2 |         0.100959  |
|   3 |               280576 |        264192 |          16384 |              16631 |          1272 |          15359 |          0.059274 |         0.004534 |          0.054741 |           14576 |            0.954792 |        0.00198789 |       0.00225767 |                  8 |                    2 |       1 |         0.122769  |
|  12 |               280576 |        264192 |          16384 |              16780 |          2468 |          14312 |          0.059806 |         0.008796 |          0.051009 |           13785 |            0.689881 |        0.00252627 |       0.00166899 |                  4 |                    1 |       2 |         0.101617  |
| 123 |               280576 |        264192 |          16384 |              16887 |          1666 |          15221 |          0.060187 |         0.005938 |          0.054249 |           13670 |            1.26052  |        0.00212453 |       0.00290773 |                  8 |                    1 |       1 |         0.126284  |
|  29 |               280576 |        264192 |          16384 |              17683 |          1713 |          15970 |          0.063024 |         0.006105 |          0.056919 |           15891 |            0.35748  |        0.00113625 |       0.00125344 |                  4 |                    8 |       1 |         0.100959  |
| 118 |               280576 |        264192 |          16384 |              17715 |          1757 |          15958 |          0.063138 |         0.006262 |          0.056876 |           15815 |            0.396899 |        0.00132088 |       0.00133915 |                  4 |                    4 |       1 |         0.100959  |
| 101 |               280576 |        264192 |          16384 |              17747 |          1806 |          15941 |          0.063252 |         0.006437 |          0.056815 |           15894 |            0.337694 |        0.00105559 |       0.00122224 |                  4 |                   16 |       1 |         0.100959  |
| 129 |               280576 |        264192 |          16384 |              17819 |          1961 |          15858 |          0.063509 |         0.006989 |          0.056519 |           15587 |            0.490562 |        0.00139711 |       0.0015507  |                  4 |                    2 |       1 |         0.100959  |
|  31 |               280576 |        264192 |          16384 |              18055 |          2403 |          15652 |          0.06435  |         0.008565 |          0.055785 |           15125 |            0.672595 |        0.00178343 |       0.00156749 |                  4 |                    1 |       1 |         0.101002  |