|     |   Total_cache_access |   Cache_reads |   Cache_writes |   Total_cache_miss |   Read_misses |   Write_misses |   Total_miss_rate |   Read_miss_rate |   Write_miss_rate |   Lines_evicted |   Leakage_cost (mW) |   Write_cost (nJ) |   Read_cost (nJ) |   Cache_size (Kib) |   Block_size (bytes) |   Assoc |   Cycle_time (ns) |
|----:|---------------------:|--------------:|---------------:|-------------------:|--------------:|---------------:|------------------:|-----------------:|------------------:|----------------:|--------------------:|------------------:|-----------------:|-------------------:|---------------------:|--------:|------------------:|
|  67 |               682572 |        544188 |         138384 |                 48 |            48 |              0 |          7e-05    |         7e-05    |          0        |               0 |            2.31409  |        0.00233447 |       0.00343046 |                 32 |                  128 |       1 |         0.198345  |
| 158 |               682572 |        544188 |         138384 |                 48 |            48 |              0 |          7e-05    |         7e-05    |          0        |               0 |            2.31752  |        0.00227003 |       0.00351342 |                 32 |                  128 |       2 |         0.198345  |
| 147 |               682572 |        544188 |         138384 |                 48 |            48 |              0 |          7e-05    |         7e-05    |          0        |               0 |            2.34387  |        0.00248105 |       0.00366962 |                 32 |                  128 |       4 |         0.198345  |
| 146 |               682572 |        544188 |         138384 |                 48 |            48 |              0 |          7e-05    |         7e-05    |          0        |               0 |            4.61697  |        0.00304265 |       0.00431221 |                 64 |                  128 |       1 |         0.198345  |
|  88 |               682572 |        544188 |         138384 |                 48 |            48 |              0 |          7e-05    |         7e-05    |          0        |               0 |            4.61803  |        0.00347327 |       0.00433846 |                 64 |                  128 |       2 |         0.198345  |
|  66 |               682572 |        544188 |         138384 |                 48 |            48 |              0 |          7e-05    |         7e-05    |          0        |               0 |            4.64411  |        0.00354448 |       0.00445656 |                 64 |                  128 |       4 |         0.198345  |
|  72 |               682572 |        544188 |         138384 |                 48 |            48 |              0 |          7e-05    |         7e-05    |          0        |               0 |            4.7562   |        0.00371498 |       0.00477078 |                 64 |                  128 |       8 |         0.198345  |
|  13 |               682572 |        544188 |         138384 |                 96 |            96 |              0 |          0.000141 |         0.000141 |          0        |               0 |            2.33245  |        0.00236253 |       0.00350614 |                 32 |                   64 |       1 |         0.198345  |
|  17 |               682572 |        544188 |         138384 |                 96 |            96 |              0 |          0.000141 |         0.000141 |          0        |               0 |            2.33647  |        0.00247142 |       0.00360678 |                 32 |                   64 |       2 |         0.198345  |
|  39 |               682572 |        544188 |         138384 |                 96 |            96 |              0 |          0.000141 |         0.000141 |          0        |               0 |            2.36319  |        0.00280076 |       0.0037     |                 32 |                   64 |       4 |         0.198345  |
| 132 |               682572 |        544188 |         138384 |                 96 |            96 |              0 |          0.000141 |         0.000141 |          0        |               0 |            2.47149  |        0.00298754 |       0.00403249 |                 32 |                   64 |       8 |         0.198345  |
|  55 |               682572 |        544188 |         138384 |                 96 |            96 |              0 |          0.000141 |         0.000141 |          0        |               0 |            4.65179  |        0.00320667 |       0.00438968 |                 64 |                   64 |       1 |         0.198345  |
|  60 |               682572 |        544188 |         138384 |                 96 |            96 |              0 |          0.000141 |         0.000141 |          0        |               0 |            4.65292  |        0.00354764 |       0.0044576  |                 64 |                   64 |       2 |         0.198345  |
|  89 |               682572 |        544188 |         138384 |                 96 |            96 |              0 |          0.000141 |         0.000141 |          0        |               0 |            4.68168  |        0.00419072 |       0.00453898 |                 64 |                   64 |       4 |         0.198345  |
|  94 |               682572 |        544188 |         138384 |                 96 |            96 |              0 |          0.000141 |         0.000141 |          0        |               0 |            4.79815  |        0.00434792 |       0.00483248 |                 64 |                   64 |       8 |         0.198345  |
|  14 |               682572 |        544188 |         138384 |                 96 |            96 |              0 |          0.000141 |         0.000141 |          0        |               0 |            5.22044  |        0.00476889 |       0.00553201 |                 64 |                   64 |      16 |         0.198345  |
|  92 |               682572 |        544188 |         138384 |                192 |           192 |              0 |          0.000281 |         0.000281 |          0        |               0 |            2.36666  |        0.00241397 |       0.0035936  |                 32 |                   32 |       1 |         0.198345  |
|  97 |               682572 |        544188 |         138384 |                192 |           192 |              0 |          0.000281 |         0.000281 |          0        |               0 |            2.37405  |        0.00280442 |       0.00368919 |                 32 |                   32 |       2 |         0.198345  |
|   9 |               682572 |        544188 |         138384 |                192 |           192 |              0 |          0.000281 |         0.000281 |          0        |               0 |            2.40169  |        0.00346348 |       0.00378406 |                 32 |                   32 |       4 |         0.198345  |
|  74 |               682572 |        544188 |         138384 |                192 |           192 |              0 |          0.000281 |         0.000281 |          0        |               0 |            2.51444  |        0.00363697 |       0.00409584 |                 32 |                   32 |       8 |         0.198345  |
|  78 |               682572 |        544188 |         138384 |                192 |           192 |              0 |          0.000281 |         0.000281 |          0        |               0 |            2.92891  |        0.00408633 |       0.00482775 |                 32 |                   32 |      16 |         0.198345  |
|  35 |               682572 |        544188 |         138384 |                192 |           192 |              0 |          0.000281 |         0.000281 |          0        |               0 |            4.73661  |        0.00328028 |       0.00458242 |                 64 |                   32 |       1 |         0.198345  |
|  73 |               682572 |        544188 |         138384 |                192 |           192 |              0 |          0.000281 |         0.000281 |          0        |               0 |            4.74038  |        0.0036229  |       0.0046554  |                 64 |                   32 |       2 |         0.198345  |
|  98 |               682572 |        544188 |         138384 |                192 |           192 |              0 |          0.000281 |         0.000281 |          0        |               0 |            4.77257  |        0.00432381 |       0.00477836 |                 64 |                   32 |       4 |         0.198345  |
|  25 |               682572 |        544188 |         138384 |                192 |           192 |              0 |          0.000281 |         0.000281 |          0        |               0 |            4.88189  |        0.00563712 |       0.00497919 |                 64 |                   32 |       8 |         0.198345  |
| 125 |               682572 |        544188 |         138384 |                192 |           192 |              0 |          0.000281 |         0.000281 |          0        |               0 |            5.30272  |        0.00606952 |       0.00566048 |                 64 |                   32 |      16 |         0.198345  |
|  65 |               682572 |        544188 |         138384 |                384 |           384 |              0 |          0.000563 |         0.000563 |          0        |               0 |            2.45374  |        0.00248905 |       0.00379122 |                 32 |                   16 |       1 |         0.198345  |
|  26 |               682572 |        544188 |         138384 |                384 |           384 |              0 |          0.000563 |         0.000563 |          0        |               0 |            2.46376  |        0.00287299 |       0.00389048 |                 32 |                   16 |       2 |         0.198345  |
| 144 |               682572 |        544188 |         138384 |                384 |           384 |              0 |          0.000563 |         0.000563 |          0        |               0 |            2.49489  |        0.00360027 |       0.00402962 |                 32 |                   16 |       4 |         0.198345  |
|  50 |               682572 |        544188 |         138384 |                384 |           384 |              0 |          0.000563 |         0.000563 |          0        |               0 |            2.6002   |        0.00495914 |       0.00424585 |                 32 |                   16 |       8 |         0.198345  |
|  82 |               682572 |        544188 |         138384 |                384 |           384 |              0 |          0.000563 |         0.000563 |          0        |               0 |            3.01316  |        0.00541993 |       0.00495952 |                 32 |                   16 |      16 |         0.198345  |
| 124 |               682572 |        544188 |         138384 |                384 |           384 |              0 |          0.000563 |         0.000563 |          0        |               0 |            4.88978  |        0.00356328 |       0.00480772 |                 64 |                   16 |       1 |         0.198345  |
|  71 |               682572 |        544188 |         138384 |                384 |           384 |              0 |          0.000563 |         0.000563 |          0        |               0 |            4.89761  |        0.0042109  |       0.0048873  |                 64 |                   16 |       2 |         0.198345  |
| 139 |               682572 |        544188 |         138384 |                384 |           384 |              0 |          0.000563 |         0.000563 |          0        |               0 |            4.93585  |        0.00555476 |       0.00502014 |                 64 |                   16 |       4 |         0.198345  |
| 159 |               682572 |        544188 |         138384 |                384 |           384 |              0 |          0.000563 |         0.000563 |          0        |               0 |            5.04921  |        0.00817046 |       0.00522757 |                 64 |                   16 |       8 |         0.198345  |
|  63 |               682572 |        544188 |         138384 |                384 |           384 |              0 |          0.000563 |         0.000563 |          0        |               0 |            5.46711  |        0.00869408 |       0.00594072 |                 64 |                   16 |      16 |         0.198345  |
| 121 |               682572 |        544188 |         138384 |                768 |           768 |              0 |          0.001125 |         0.001125 |          0        |               0 |            2.61096  |        0.0027803  |       0.00402312 |                 32 |                    8 |       1 |         0.198345  |
| 156 |               682572 |        544188 |         138384 |                768 |           768 |              0 |          0.001125 |         0.001125 |          0        |               0 |            2.62704  |        0.00348571 |       0.00413226 |                 32 |                    8 |       2 |         0.198345  |
| 150 |               682572 |        544188 |         138384 |                768 |           768 |              0 |          0.001125 |         0.001125 |          0        |               0 |            2.66221  |        0.00486419 |       0.004278   |                 32 |                    8 |       4 |         0.198345  |
| 111 |               682572 |        544188 |         138384 |                768 |           768 |              0 |          0.001125 |         0.001125 |          0        |               0 |            2.77155  |        0.00755843 |       0.00450082 |                 32 |                    8 |       8 |         0.198345  |
| 161 |               682572 |        544188 |         138384 |                768 |           768 |              0 |          0.001125 |         0.001125 |          0        |               0 |            3.1815   |        0.00811044 |       0.00524636 |                 32 |                    8 |      16 |         0.198345  |
|  83 |               682572 |        544188 |         138384 |                768 |           768 |              0 |          0.001125 |         0.001125 |          0        |               0 |            5.1594   |        0.00453124 |       0.0069958  |                 64 |                    8 |       2 |         0.245104  |
| 163 |               682572 |        544188 |         138384 |                768 |           768 |              0 |          0.001125 |         0.001125 |          0        |               0 |            5.17218  |        0.00369343 |       0.00540693 |                 64 |                    8 |       1 |         0.198345  |
|  36 |               682572 |        544188 |         138384 |                768 |           768 |              0 |          0.001125 |         0.001125 |          0        |               0 |            5.20842  |        0.00587973 |       0.00716333 |                 64 |                    8 |       4 |         0.245104  |
| 154 |               682572 |        544188 |         138384 |                768 |           768 |              0 |          0.001125 |         0.001125 |          0        |               0 |            5.33004  |        0.00863865 |       0.0074718  |                 64 |                    8 |       8 |         0.245104  |
| 140 |               682572 |        544188 |         138384 |                768 |           768 |              0 |          0.001125 |         0.001125 |          0        |               0 |            5.7539   |        0.0141042  |       0.00796793 |                 64 |                    8 |      16 |         0.245104  |
|  34 |               682572 |        544188 |         138384 |               1536 |          1536 |              0 |          0.00225  |         0.00225  |          0        |               0 |            2.90125  |        0.00291407 |       0.00463935 |                 32 |                    4 |       1 |         0.198345  |
| 127 |               682572 |        544188 |         138384 |               1536 |          1536 |              0 |          0.00225  |         0.00225  |          0        |               0 |            2.91074  |        0.00386718 |       0.00632362 |                 32 |                    4 |       2 |         0.245104  |
| 113 |               682572 |        544188 |         138384 |               1536 |          1536 |              0 |          0.00225  |         0.00225  |          0        |               0 |            2.9566   |        0.00525587 |       0.0065013  |                 32 |                    4 |       4 |         0.245104  |
|  44 |               682572 |        544188 |         138384 |               1536 |          1536 |              0 |          0.00225  |         0.00225  |          0        |               0 |            3.08108  |        0.00813257 |       0.0068376  |                 32 |                    4 |       8 |         0.245104  |
| 110 |               682572 |        544188 |         138384 |               1536 |          1536 |              0 |          0.00225  |         0.00225  |          0        |               0 |            3.49709  |        0.0137179  |       0.00735222 |                 32 |                    4 |      16 |         0.245104  |
|  21 |               682572 |        544188 |         138384 |               1536 |          1536 |              0 |          0.00225  |         0.00225  |          0        |               0 |            5.72314  |        0.00448792 |       0.00785333 |                 64 |                    4 |       1 |         0.245104  |
|  75 |               682572 |        544188 |         138384 |               1536 |          1536 |              0 |          0.00225  |         0.00225  |          0        |               0 |            5.75898  |        0.00576808 |       0.00799524 |                 64 |                    4 |       2 |         0.245104  |
|  33 |               682572 |        544188 |         138384 |               1536 |          1536 |              0 |          0.00225  |         0.00225  |          0        |               0 |            5.82777  |        0.008386   |       0.00819574 |                 64 |                    4 |       4 |         0.245104  |
| 122 |               682572 |        544188 |         138384 |               1536 |          1536 |              0 |          0.00225  |         0.00225  |          0        |               0 |            5.96519  |        0.0137332  |       0.00853059 |                 64 |                    4 |       8 |         0.245104  |
| 120 |               682572 |        544188 |         138384 |               1536 |          1536 |              0 |          0.00225  |         0.00225  |          0        |               0 |            6.40878  |        0.0245732  |       0.00905969 |                 64 |                    4 |      16 |         0.245104  |
| 133 |               682572 |        544188 |         138384 |               3072 |          3072 |              0 |          0.004501 |         0.004501 |          0        |               0 |            3.48444  |        0.00379567 |       0.00718274 |                 32 |                    2 |       1 |         0.245104  |
|  32 |               682572 |        544188 |         138384 |               3072 |          3072 |              0 |          0.004501 |         0.004501 |          0        |               0 |            3.53008  |        0.00514523 |       0.00735603 |                 32 |                    2 |       2 |         0.245104  |
|  52 |               682572 |        544188 |         138384 |               3072 |          3072 |              0 |          0.004501 |         0.004501 |          0        |               0 |            3.59175  |        0.00782808 |       0.00756009 |                 32 |                    2 |       4 |         0.245104  |
| 157 |               682572 |        544188 |         138384 |               3072 |          3072 |              0 |          0.004501 |         0.004501 |          0        |               0 |            3.73597  |        0.013392   |       0.00792936 |                 32 |                    2 |       8 |         0.245104  |
| 114 |               682572 |        544188 |         138384 |               3072 |          3072 |              0 |          0.004501 |         0.004501 |          0        |               0 |            4.16775  |        0.0244507  |       0.00847036 |                 32 |                    2 |      16 |         0.245104  |
|  11 |               682572 |        544188 |         138384 |               3072 |          3072 |              0 |          0.004501 |         0.004501 |          0        |               0 |            6.76967  |        0.00449887 |       0.00818244 |                 64 |                    2 |       1 |         0.245104  |
| 148 |               682572 |        544188 |         138384 |               3072 |          3072 |              0 |          0.004501 |         0.004501 |          0        |               0 |            6.84903  |        0.00518068 |       0.00834443 |                 64 |                    2 |       2 |         0.245104  |
|  68 |               682572 |        544188 |         138384 |               3072 |          3072 |              0 |          0.004501 |         0.004501 |          0        |               0 |            6.97991  |        0.006545   |       0.00856401 |                 64 |                    2 |       4 |         0.245104  |
|  20 |               682572 |        544188 |         138384 |               3072 |          3072 |              0 |          0.004501 |         0.004501 |          0        |               0 |            7.27237  |        0.00934465 |       0.00896182 |                 64 |                    2 |       8 |         0.245104  |
| 130 |               682572 |        544188 |         138384 |               3072 |          3072 |              0 |          0.004501 |         0.004501 |          0        |               0 |            8.17846  |        0.015117   |       0.00974061 |                 64 |                    2 |      16 |         0.245104  |
|  49 |               682572 |        544188 |         138384 |               3868 |          2550 |           1318 |          0.005667 |         0.003736 |          0.001931 |            1247 |            1.22682  |        0.00202986 |       0.00319949 |                 16 |                   16 |       1 |         0.198345  |
|   5 |               682572 |        544188 |         138384 |               3868 |          2550 |           1318 |          0.005667 |         0.003736 |          0.001931 |            1247 |            1.23454  |        0.00243002 |       0.00330138 |                 16 |                   16 |       2 |         0.198345  |
|  16 |               682572 |        544188 |         138384 |               4308 |          2756 |           1552 |          0.006311 |         0.004038 |          0.002274 |            1517 |            1.18924  |        0.00185347 |       0.00311707 |                 16 |                   32 |       1 |         0.198345  |
| 152 |               682572 |        544188 |         138384 |               4308 |          2756 |           1552 |          0.006311 |         0.004038 |          0.002274 |            1517 |            1.19804  |        0.00236843 |       0.00317827 |                 16 |                   32 |       2 |         0.198345  |
| 109 |               682572 |        544188 |         138384 |               4657 |          3061 |           1596 |          0.006823 |         0.004485 |          0.002338 |            1589 |            1.26273  |        0.00311473 |       0.00340763 |                 16 |                   16 |       4 |         0.198345  |
|  93 |               682572 |        544188 |         138384 |               5340 |          3626 |           1714 |          0.007823 |         0.005312 |          0.002511 |            1571 |            1.31626  |        0.00210244 |       0.00340221 |                 16 |                    8 |       1 |         0.198345  |
|  47 |               682572 |        544188 |         138384 |               5340 |          3626 |           1714 |          0.007823 |         0.005312 |          0.002511 |            1571 |            1.3267   |        0.0025005  |       0.00350961 |                 16 |                    8 |       2 |         0.198345  |
|  86 |               682572 |        544188 |         138384 |               5399 |          3597 |           1802 |          0.00791  |         0.00527  |          0.00264  |            1787 |            1.35825  |        0.00325521 |       0.00365937 |                 16 |                    8 |       4 |         0.198345  |
|  62 |               682572 |        544188 |         138384 |               5689 |          3795 |           1894 |          0.008335 |         0.00556  |          0.002775 |            1894 |            1.46184  |        0.00466054 |       0.00389189 |                 16 |                    8 |       8 |         0.198345  |
|  53 |               682572 |        544188 |         138384 |               5881 |          3971 |           1910 |          0.008616 |         0.005818 |          0.002798 |            1910 |            1.37407  |        0.00330541 |       0.00373859 |                 16 |                   16 |       8 |         0.198345  |
| 160 |               682572 |        544188 |         138384 |               6144 |          6144 |              0 |          0.009001 |         0.009001 |          0        |               0 |            4.56467  |        0.0038094  |       0.00752775 |                 32 |                    1 |       1 |         0.245104  |
|  51 |               682572 |        544188 |         138384 |               6144 |          6144 |              0 |          0.009001 |         0.009001 |          0        |               0 |            4.64533  |        0.0045357  |       0.00770596 |                 32 |                    1 |       2 |         0.245104  |
| 155 |               682572 |        544188 |         138384 |               6144 |          6144 |              0 |          0.009001 |         0.009001 |          0        |               0 |            4.77844  |        0.00594723 |       0.00794497 |                 32 |                    1 |       4 |         0.245104  |
| 151 |               682572 |        544188 |         138384 |               6144 |          6144 |              0 |          0.009001 |         0.009001 |          0        |               0 |            5.07105  |        0.00883756 |       0.00836035 |                 32 |                    1 |       8 |         0.245104  |
|  18 |               682572 |        544188 |         138384 |               6144 |          6144 |              0 |          0.009001 |         0.009001 |          0        |               0 |            5.97894  |        0.0147911  |       0.00917526 |                 32 |                    1 |      16 |         0.245104  |
| 128 |               682572 |        544188 |         138384 |               6144 |          6144 |              0 |          0.009001 |         0.009001 |          0        |               0 |            8.98103  |        0.00578455 |       0.011562   |                 64 |                    1 |       1 |         0.345502  |
| 108 |               682572 |        544188 |         138384 |               6144 |          6144 |              0 |          0.009001 |         0.009001 |          0        |               0 |            9.44024  |        0.00663396 |       0.00808471 |                 64 |                    1 |       2 |         0.269384  |
| 107 |               682572 |        544188 |         138384 |               6144 |          6144 |              0 |          0.009001 |         0.009001 |          0        |               0 |            9.70512  |        0.00801381 |       0.00832202 |                 64 |                    1 |       4 |         0.269384  |
| 102 |               682572 |        544188 |         138384 |               6144 |          6144 |              0 |          0.009001 |         0.009001 |          0        |               0 |           10.2857   |        0.0108169  |       0.00876832 |                 64 |                    1 |       8 |         0.269384  |
| 137 |               682572 |        544188 |         138384 |               6144 |          6144 |              0 |          0.009001 |         0.009001 |          0        |               0 |           12.2651   |        0.0265777  |       0.00922345 |                 64 |                    1 |      16 |         0.267742  |
| 106 |               682572 |        544188 |         138384 |               6215 |          4047 |           2168 |          0.009105 |         0.005929 |          0.003176 |            2165 |            1.22337  |        0.00244952 |       0.00326834 |                 16 |                   32 |       4 |         0.198345  |
| 104 |               682572 |        544188 |         138384 |               6834 |          4252 |           2582 |          0.010012 |         0.006229 |          0.003783 |            2565 |            1.17038  |        0.00177693 |       0.00308752 |                 16 |                   64 |       1 |         0.198345  |
| 136 |               682572 |        544188 |         138384 |               6834 |          4252 |           2582 |          0.010012 |         0.006229 |          0.003783 |            2565 |            1.17925  |        0.00205069 |       0.00310965 |                 16 |                   64 |       2 |         0.198345  |
|  27 |               682572 |        544188 |         138384 |               7275 |          4901 |           2374 |          0.010658 |         0.00718  |          0.003478 |            2374 |            1.8732   |        0.00514206 |       0.00461744 |                 16 |                    8 |      16 |         0.198345  |
|  84 |               682572 |        544188 |         138384 |               7517 |          4311 |           3206 |          0.011013 |         0.006316 |          0.004697 |            3105 |            0.659658 |        0.00157105 |       0.0016993  |                  8 |                   16 |       1 |         0.122769  |
|   4 |               682572 |        544188 |         138384 |               8347 |          5519 |           2828 |          0.012229 |         0.008086 |          0.004143 |            2828 |            1.63722  |        0.00732578 |       0.00415346 |                 16 |                    4 |       8 |         0.198345  |
| 149 |               682572 |        544188 |         138384 |               8509 |          5101 |           3408 |          0.012466 |         0.007473 |          0.004993 |            3358 |            0.638728 |        0.00138642 |       0.00164656 |                  8 |                   32 |       1 |         0.122769  |
|  79 |               682572 |        544188 |         138384 |               8841 |          5915 |           2926 |          0.012952 |         0.008666 |          0.004287 |            2895 |            1.5296   |        0.0045521  |       0.00391435 |                 16 |                    4 |       4 |         0.198345  |
| 153 |               682572 |        544188 |         138384 |               8933 |          5865 |           3068 |          0.013087 |         0.008593 |          0.004495 |            3068 |            2.04647  |        0.00791499 |       0.00491252 |                 16 |                    4 |      16 |         0.198345  |
|   0 |               682572 |        544188 |         138384 |               9085 |          6207 |           2878 |          0.01331  |         0.009094 |          0.004216 |            2878 |            1.3301   |        0.00263949 |       0.00367359 |                 16 |                   32 |       8 |         0.198345  |
| 116 |               682572 |        544188 |         138384 |               9227 |          6357 |           2870 |          0.013518 |         0.009313 |          0.004205 |            2870 |            1.78649  |        0.00376725 |       0.00448155 |                 16 |                   16 |      16 |         0.198345  |
| 135 |               682572 |        544188 |         138384 |               9371 |          5635 |           3736 |          0.013729 |         0.008256 |          0.005473 |            3699 |            0.667987 |        0.00161649 |       0.00177993 |                  8 |                   16 |       2 |         0.122769  |
|  19 |               682572 |        544188 |         138384 |               9515 |          6537 |           2978 |          0.01394  |         0.009577 |          0.004363 |            2691 |            1.47955  |        0.00240605 |       0.00364399 |                 16 |                    4 |       1 |         0.198345  |
|  57 |               682572 |        544188 |         138384 |               9515 |          6537 |           2978 |          0.01394  |         0.009577 |          0.004363 |            2691 |            1.49402  |        0.00312971 |       0.00375799 |                 16 |                    4 |       2 |         0.198345  |
|  24 |               682572 |        544188 |         138384 |              10225 |          5911 |           4314 |          0.01498  |         0.00866  |          0.00632  |            4239 |            0.705077 |        0.0019999  |       0.00189454 |                  8 |                    8 |       2 |         0.122769  |
|  38 |               682572 |        544188 |         138384 |              10321 |          5701 |           4620 |          0.015121 |         0.008352 |          0.006769 |            4417 |            0.695834 |        0.00160164 |       0.00180134 |                  8 |                    8 |       1 |         0.122769  |
|  56 |               682572 |        544188 |         138384 |              10833 |          6989 |           3844 |          0.015871 |         0.010239 |          0.005632 |            3843 |            1.2015   |        0.00208355 |       0.00321395 |                 16 |                   64 |       4 |         0.198345  |
| 143 |               682572 |        544188 |         138384 |              10981 |          6691 |           4290 |          0.016088 |         0.009803 |          0.006285 |            4279 |            0.734511 |        0.00270373 |       0.00200403 |                  8 |                    8 |       4 |         0.122769  |
| 101 |               682572 |        544188 |         138384 |              11705 |          6929 |           4776 |          0.017148 |         0.010151 |          0.006997 |            4724 |            0.337694 |        0.00105559 |       0.00122224 |                  4 |                   16 |       1 |         0.100959  |
|  41 |               682572 |        544188 |         138384 |              11811 |          7163 |           4648 |          0.017304 |         0.010494 |          0.00681  |            4640 |            1.16675  |        0.00184958 |       0.00307175 |                 16 |                  128 |       2 |         0.198345  |
|  64 |               682572 |        544188 |         138384 |              11959 |          7693 |           4266 |          0.01752  |         0.011271 |          0.00625  |            4261 |            0.694171 |        0.00200804 |       0.00191667 |                  8 |                   16 |       4 |         0.122769  |
|  29 |               682572 |        544188 |         138384 |              12631 |          7083 |           5548 |          0.018505 |         0.010377 |          0.008128 |            5444 |            0.35748  |        0.00113625 |       0.00125344 |                  4 |                    8 |       1 |         0.100959  |
|   1 |               682572 |        544188 |         138384 |              13317 |          8261 |           5056 |          0.01951  |         0.012103 |          0.007407 |            5038 |            0.647748 |        0.00160144 |       0.00169547 |                  8 |                   32 |       2 |         0.122769  |
|   8 |               682572 |        544188 |         138384 |              13705 |          8377 |           5328 |          0.020078 |         0.012273 |          0.007806 |            5303 |            0.628186 |        0.00130576 |       0.00163184 |                  8 |                   64 |       1 |         0.122769  |
|  90 |               682572 |        544188 |         138384 |              14163 |          8973 |           5190 |          0.020749 |         0.013146 |          0.007604 |            5190 |            0.847937 |        0.00291219 |       0.00234191 |                  8 |                    8 |       8 |         0.122769  |
|  22 |               682572 |        544188 |         138384 |              14365 |          8445 |           5920 |          0.021045 |         0.012372 |          0.008673 |            5880 |            0.379481 |        0.00172488 |       0.00105965 |                  4 |                    8 |       2 |         0.0990866 |
|  30 |               682572 |        544188 |         138384 |              14967 |          9677 |           5290 |          0.021927 |         0.014177 |          0.00775  |            5290 |            2.39283  |        0.0134158  |       0.00545765 |                 16 |                    2 |      16 |         0.198345  |
|  48 |               682572 |        544188 |         138384 |              15085 |          9915 |           5170 |          0.0221   |         0.014526 |          0.007574 |            5170 |            2.04033  |        0.00783483 |       0.0045222  |                 16 |                    2 |       8 |         0.169342  |
| 112 |               682572 |        544188 |         138384 |              15429 |          8987 |           6442 |          0.022604 |         0.013166 |          0.009438 |            6420 |            0.832396 |        0.00284811 |       0.00226215 |                  8 |                    4 |       4 |         0.122769  |
| 162 |               682572 |        544188 |         138384 |              16035 |          9993 |           6042 |          0.023492 |         0.01464  |          0.008852 |            6022 |            0.345793 |        0.00129862 |       0.00124939 |                  4 |                   16 |       2 |         0.100959  |
| 142 |               682572 |        544188 |         138384 |              16167 |          9117 |           7050 |          0.023685 |         0.013357 |          0.010329 |            6900 |            0.799291 |        0.00207228 |       0.00210646 |                  8 |                    4 |       2 |         0.122769  |
|  10 |               682572 |        544188 |         138384 |              16657 |         11143 |           5514 |          0.024403 |         0.016325 |          0.008078 |            5451 |            1.9191   |        0.00490065 |       0.00418344 |                 16 |                    2 |       4 |         0.169342  |
|  81 |               682572 |        544188 |         138384 |              16673 |          9893 |           6780 |          0.024427 |         0.014494 |          0.009933 |            6780 |            0.938728 |        0.00431678 |       0.00250016 |                  8 |                    4 |       8 |         0.122769  |
|  96 |               682572 |        544188 |         138384 |              18249 |          9911 |           8338 |          0.026736 |         0.01452  |          0.012216 |            7932 |            0.787472 |        0.00167604 |       0.00200929 |                  8 |                    4 |       1 |         0.122769  |
| 103 |               682572 |        544188 |         138384 |              18378 |         12646 |           5732 |          0.026925 |         0.018527 |          0.008398 |            5157 |            1.77752  |        0.00253911 |       0.00427708 |                 16 |                    2 |       1 |         0.198345  |
|  85 |               682572 |        544188 |         138384 |              18378 |         12646 |           5732 |          0.026925 |         0.018527 |          0.008398 |            5157 |            1.8679   |        0.00345909 |       0.00399613 |                 16 |                    2 |       2 |         0.169342  |
|  87 |               682572 |        544188 |         138384 |              18449 |         11451 |           6998 |          0.027029 |         0.016776 |          0.010252 |            6990 |            0.405981 |        0.00180993 |       0.00115368 |                  4 |                    8 |       4 |         0.0990866 |
|   2 |               682572 |        544188 |         138384 |              18707 |         12509 |           6198 |          0.027407 |         0.018326 |          0.00908  |            6198 |            0.802464 |        0.00222154 |       0.00227444 |                  8 |                   16 |       8 |         0.122769  |
|  80 |               682572 |        544188 |         138384 |              19093 |         12685 |           6408 |          0.027972 |         0.018584 |          0.009388 |            6406 |            0.673926 |        0.00167185 |       0.00188464 |                  8 |                   32 |       4 |         0.122769  |
|   6 |               682572 |        544188 |         138384 |              19301 |         12105 |           7196 |          0.028277 |         0.017734 |          0.010542 |            7196 |            1.1905   |        0.00191222 |       0.00319841 |                 16 |                  128 |       4 |         0.198345  |
|  99 |               682572 |        544188 |         138384 |              19699 |         11007 |           8692 |          0.02886  |         0.016126 |          0.012734 |            8611 |            0.417805 |        0.00178965 |       0.00118842 |                  4 |                    4 |       2 |         0.0990866 |
| 118 |               682572 |        544188 |         138384 |              19853 |         10757 |           9096 |          0.029086 |         0.01576  |          0.013326 |            8887 |            0.396899 |        0.00132088 |       0.00133915 |                  4 |                    4 |       1 |         0.100959  |
|  54 |               682572 |        544188 |         138384 |              21235 |         12299 |           8936 |          0.03111  |         0.018019 |          0.013092 |            8919 |            0.447412 |        0.00250817 |       0.00129832 |                  4 |                    4 |       4 |         0.0990866 |
|  69 |               682572 |        544188 |         138384 |              23919 |         14967 |           8952 |          0.035042 |         0.021927 |          0.013115 |            8943 |            0.635244 |        0.00140033 |       0.00165757 |                  8 |                   64 |       2 |         0.122769  |
|  77 |               682572 |        544188 |         138384 |              24659 |         16173 |           8486 |          0.036127 |         0.023694 |          0.012432 |            8482 |            0.371394 |        0.00136658 |       0.00134117 |                  4 |                   16 |       4 |         0.100959  |
| 117 |               682572 |        544188 |         138384 |              24995 |         18175 |           6820 |          0.036619 |         0.026627 |          0.009992 |            6735 |            3.08319  |        0.0244783  |       0.00660876 |                 16 |                    1 |      16 |         0.198345  |
|  40 |               682572 |        544188 |         138384 |              25923 |         16721 |           9202 |          0.037978 |         0.024497 |          0.013481 |            9192 |            0.334786 |        0.00112729 |       0.00123385 |                  4 |                   32 |       2 |         0.100959  |
| 126 |               682572 |        544188 |         138384 |              25987 |         19227 |           6760 |          0.038072 |         0.028168 |          0.009904 |            6590 |            2.71099  |        0.0132262  |       0.00564034 |                 16 |                    1 |       8 |         0.176579  |
| 119 |               682572 |        544188 |         138384 |              27280 |         19730 |           7550 |          0.039966 |         0.028905 |          0.011061 |            7550 |            1.22632  |        0.00351819 |       0.00355795 |                  8 |                    8 |      16 |         0.176461  |
|  45 |               682572 |        544188 |         138384 |              27447 |         15693 |          11754 |          0.040211 |         0.022991 |          0.01722  |           11754 |            1.12015  |        0.00708093 |       0.00277163 |                  8 |                    2 |       8 |         0.122769  |
| 141 |               682572 |        544188 |         138384 |              27457 |         15667 |          11790 |          0.040226 |         0.022953 |          0.017273 |           11746 |            1.00778  |        0.00417798 |       0.00252372 |                  8 |                    2 |       4 |         0.122769  |
|  37 |               682572 |        544188 |         138384 |              27815 |         21847 |           5968 |          0.04075  |         0.032007 |          0.008743 |            5543 |            2.57398  |        0.00755529 |       0.0052752  |                 16 |                    1 |       4 |         0.174921  |
|  28 |               682572 |        544188 |         138384 |              30127 |         16855 |          13272 |          0.044137 |         0.024693 |          0.019444 |           12972 |            0.970644 |        0.00271798 |       0.00236143 |                  8 |                    2 |       2 |         0.122769  |
|  23 |               682572 |        544188 |         138384 |              30552 |         24436 |           6116 |          0.04476  |         0.0358   |          0.00896  |            5223 |            2.46357  |        0.00340769 |       0.0049053  |                 16 |                    1 |       1 |         0.171295  |
|  95 |               682572 |        544188 |         138384 |              30552 |         24436 |           6116 |          0.04476  |         0.0358   |          0.00896  |            5223 |            2.50304  |        0.00477012 |       0.00505492 |                 16 |                    1 |       2 |         0.172889  |
|  61 |               682572 |        544188 |         138384 |              31915 |         23935 |           7980 |          0.046757 |         0.035066 |          0.011691 |            7980 |            1.315    |        0.00492597 |       0.00369713 |                  8 |                    4 |      16 |         0.176461  |
| 100 |               682572 |        544188 |         138384 |              34393 |         19103 |          15290 |          0.050387 |         0.027987 |          0.022401 |           15256 |            0.549938 |        0.00267546 |       0.00157006 |                  4 |                    2 |       4 |         0.0990866 |
| 115 |               682572 |        544188 |         138384 |              34681 |         18915 |          15766 |          0.050809 |         0.027711 |          0.023098 |           15604 |            0.514499 |        0.00186409 |       0.00140742 |                  4 |                    2 |       2 |         0.0990866 |
| 138 |               682572 |        544188 |         138384 |              35158 |         25018 |          10140 |          0.051508 |         0.036653 |          0.014856 |           10136 |            0.503263 |        0.00195078 |       0.00181478 |                  4 |                    8 |       8 |         0.100959  |
|   3 |               682572 |        544188 |         138384 |              35213 |         19007 |          16206 |          0.051589 |         0.027846 |          0.023743 |           15394 |            0.954792 |        0.00198789 |       0.00225767 |                  8 |                    2 |       1 |         0.122769  |
| 129 |               682572 |        544188 |         138384 |              36817 |         19689 |          17128 |          0.053939 |         0.028845 |          0.025093 |           16710 |            0.490562 |        0.00139711 |       0.0015507  |                  4 |                    2 |       1 |         0.100959  |
|  43 |               682572 |        544188 |         138384 |              40439 |         29929 |          10510 |          0.059245 |         0.043847 |          0.015398 |           10502 |            0.54974  |        0.0026579  |       0.0018839  |                  4 |                    4 |       8 |         0.100959  |
|   7 |               682572 |        544188 |         138384 |              40697 |         25183 |          15514 |          0.059623 |         0.036894 |          0.022729 |           15510 |            0.628916 |        0.00131142 |       0.00165027 |                  8 |                  128 |       2 |         0.122769  |
|  70 |               682572 |        544188 |         138384 |              43561 |         29321 |          14240 |          0.063819 |         0.042957 |          0.020862 |           14238 |            0.359923 |        0.001187   |       0.0013248  |                  4 |                   32 |       4 |         0.100959  |
|  91 |               682572 |        544188 |         138384 |              44091 |         28919 |          15172 |          0.064595 |         0.042368 |          0.022228 |           15087 |            1.46188  |        0.00737074 |       0.00357227 |                  8 |                    1 |       8 |         0.132039  |
|  42 |               682572 |        544188 |         138384 |              45335 |         29923 |          15412 |          0.066418 |         0.043839 |          0.022579 |           15183 |            1.35888  |        0.00474916 |       0.00303652 |                  8 |                    1 |       4 |         0.145337  |
| 131 |               682572 |        544188 |         138384 |              50059 |         32605 |          17454 |          0.073339 |         0.047768 |          0.025571 |           16713 |            1.31115  |        0.00327959 |       0.00285125 |                  8 |                    1 |       2 |         0.145337  |
|  15 |               682572 |        544188 |         138384 |              52405 |         40051 |          12354 |          0.076776 |         0.058677 |          0.018099 |           12354 |            1.4922   |        0.00776485 |       0.00399881 |                  8 |                    2 |      16 |         0.176461  |
|  76 |               682572 |        544188 |         138384 |              54479 |         34801 |          19678 |          0.079814 |         0.050985 |          0.028829 |           19548 |            0.731357 |        0.00405478 |       0.00184152 |                  4 |                    1 |       4 |         0.102452  |
|  12 |               682572 |        544188 |         138384 |              56313 |         35739 |          20574 |          0.082501 |         0.052359 |          0.030142 |           20188 |            0.689881 |        0.00252627 |       0.00166899 |                  4 |                    1 |       2 |         0.101617  |
| 123 |               682572 |        544188 |         138384 |              56373 |         36781 |          19592 |          0.082589 |         0.053886 |          0.028703 |           17827 |            1.26052  |        0.00212453 |       0.00290773 |                  8 |                    1 |       1 |         0.126284  |
|  31 |               682572 |        544188 |         138384 |              60543 |         38005 |          22538 |          0.088698 |         0.055679 |          0.033019 |           21640 |            0.672595 |        0.00178343 |       0.00156749 |                  4 |                    1 |       1 |         0.101002  |
|  46 |               682572 |        544188 |         138384 |              65665 |         49653 |          16012 |          0.096202 |         0.072744 |          0.023458 |           15996 |            0.642542 |        0.00409547 |       0.00204545 |                  4 |                    2 |       8 |         0.100959  |
| 145 |               682572 |        544188 |         138384 |              91067 |         75595 |          15472 |          0.133417 |         0.11075  |          0.022667 |           15431 |            1.84644  |        0.0133976  |       0.00455713 |                  8 |                    1 |      16 |         0.176461  |
| 134 |               682572 |        544188 |         138384 |             113421 |         93467 |          19954 |          0.166167 |         0.136934 |          0.029234 |           19891 |            0.827982 |        0.00692557 |       0.0023235  |                  4 |                    1 |       8 |         0.101646  |
|  58 |               682572 |        544188 |         138384 |             262403 |        248989 |          13414 |          0.384433 |         0.364781 |          0.019652 |           13414 |            0.94989  |        0.00340489 |       0.00309112 |                  4 |                    4 |      16 |         0.16565   |
| 105 |               682572 |        544188 |         138384 |             273693 |        256301 |          17392 |          0.400973 |         0.375493 |          0.02548  |           17392 |            1.04103  |        0.00485389 |       0.00323442 |                  4 |                    2 |      16 |         0.16565   |
|  59 |               682572 |        544188 |         138384 |             293003 |        272435 |          20568 |          0.429263 |         0.39913  |          0.030133 |           20548 |            1.22315  |        0.0077752  |       0.00354434 |                  4 |                    1 |      16 |         0.16565   |
