|     |   Total_cache_access |   Cache_reads |   Cache_writes |   Total_cache_miss |   Read_misses |   Write_misses |   Total_miss_rate |   Read_miss_rate |   Write_miss_rate |   Lines_evicted |   Leakage_cost (mW) |   Write_cost (nJ) |   Read_cost (nJ) |   Cache_size (Kib) |   Block_size (bytes) |   Assoc |   Cycle_time (ns) |
|----:|---------------------:|--------------:|---------------:|-------------------:|--------------:|---------------:|------------------:|-----------------:|------------------:|----------------:|--------------------:|------------------:|-----------------:|-------------------:|---------------------:|--------:|------------------:|
|  41 |               167827 |        167827 |              0 |                 25 |            25 |              0 |          0.000149 |         0.000149 |                 0 |               0 |            1.16675  |        0.00184958 |       0.00307175 |                 16 |                  128 |       2 |         0.198345  |
|   6 |               167827 |        167827 |              0 |                 25 |            25 |              0 |          0.000149 |         0.000149 |                 0 |               0 |            1.1905   |        0.00191222 |       0.00319841 |                 16 |                  128 |       4 |         0.198345  |
|  67 |               167827 |        167827 |              0 |                 25 |            25 |              0 |          0.000149 |         0.000149 |                 0 |               0 |            2.31409  |        0.00233447 |       0.00343046 |                 32 |                  128 |       1 |         0.198345  |
| 158 |               167827 |        167827 |              0 |                 25 |            25 |              0 |          0.000149 |         0.000149 |                 0 |               0 |            2.31752  |        0.00227003 |       0.00351342 |                 32 |                  128 |       2 |         0.198345  |
| 147 |               167827 |        167827 |              0 |                 25 |            25 |              0 |          0.000149 |         0.000149 |                 0 |               0 |            2.34387  |        0.00248105 |       0.00366962 |                 32 |                  128 |       4 |         0.198345  |
| 146 |               167827 |        167827 |              0 |                 25 |            25 |              0 |          0.000149 |         0.000149 |                 0 |               0 |            4.61697  |        0.00304265 |       0.00431221 |                 64 |                  128 |       1 |         0.198345  |
|  88 |               167827 |        167827 |              0 |                 25 |            25 |              0 |          0.000149 |         0.000149 |                 0 |               0 |            4.61803  |        0.00347327 |       0.00433846 |                 64 |                  128 |       2 |         0.198345  |
|  66 |               167827 |        167827 |              0 |                 25 |            25 |              0 |          0.000149 |         0.000149 |                 0 |               0 |            4.64411  |        0.00354448 |       0.00445656 |                 64 |                  128 |       4 |         0.198345  |
|  72 |               167827 |        167827 |              0 |                 25 |            25 |              0 |          0.000149 |         0.000149 |                 0 |               0 |            4.7562   |        0.00371498 |       0.00477078 |                 64 |                  128 |       8 |         0.198345  |
| 104 |               167827 |        167827 |              0 |                 50 |            50 |              0 |          0.000298 |         0.000298 |                 0 |               0 |            1.17038  |        0.00177693 |       0.00308752 |                 16 |                   64 |       1 |         0.198345  |
| 136 |               167827 |        167827 |              0 |                 50 |            50 |              0 |          0.000298 |         0.000298 |                 0 |               0 |            1.17925  |        0.00205069 |       0.00310965 |                 16 |                   64 |       2 |         0.198345  |
|  56 |               167827 |        167827 |              0 |                 50 |            50 |              0 |          0.000298 |         0.000298 |                 0 |               0 |            1.2015   |        0.00208355 |       0.00321395 |                 16 |                   64 |       4 |         0.198345  |
|  13 |               167827 |        167827 |              0 |                 50 |            50 |              0 |          0.000298 |         0.000298 |                 0 |               0 |            2.33245  |        0.00236253 |       0.00350614 |                 32 |                   64 |       1 |         0.198345  |
|  17 |               167827 |        167827 |              0 |                 50 |            50 |              0 |          0.000298 |         0.000298 |                 0 |               0 |            2.33647  |        0.00247142 |       0.00360678 |                 32 |                   64 |       2 |         0.198345  |
|  39 |               167827 |        167827 |              0 |                 50 |            50 |              0 |          0.000298 |         0.000298 |                 0 |               0 |            2.36319  |        0.00280076 |       0.0037     |                 32 |                   64 |       4 |         0.198345  |
| 132 |               167827 |        167827 |              0 |                 50 |            50 |              0 |          0.000298 |         0.000298 |                 0 |               0 |            2.47149  |        0.00298754 |       0.00403249 |                 32 |                   64 |       8 |         0.198345  |
|  55 |               167827 |        167827 |              0 |                 50 |            50 |              0 |          0.000298 |         0.000298 |                 0 |               0 |            4.65179  |        0.00320667 |       0.00438968 |                 64 |                   64 |       1 |         0.198345  |
|  60 |               167827 |        167827 |              0 |                 50 |            50 |              0 |          0.000298 |         0.000298 |                 0 |               0 |            4.65292  |        0.00354764 |       0.0044576  |                 64 |                   64 |       2 |         0.198345  |
|  89 |               167827 |        167827 |              0 |                 50 |            50 |              0 |          0.000298 |         0.000298 |                 0 |               0 |            4.68168  |        0.00419072 |       0.00453898 |                 64 |                   64 |       4 |         0.198345  |
|  94 |               167827 |        167827 |              0 |                 50 |            50 |              0 |          0.000298 |         0.000298 |                 0 |               0 |            4.79815  |        0.00434792 |       0.00483248 |                 64 |                   64 |       8 |         0.198345  |
|  14 |               167827 |        167827 |              0 |                 50 |            50 |              0 |          0.000298 |         0.000298 |                 0 |               0 |            5.22044  |        0.00476889 |       0.00553201 |                 64 |                   64 |      16 |         0.198345  |
|  16 |               167827 |        167827 |              0 |                100 |           100 |              0 |          0.000596 |         0.000596 |                 0 |               0 |            1.18924  |        0.00185347 |       0.00311707 |                 16 |                   32 |       1 |         0.198345  |
| 152 |               167827 |        167827 |              0 |                100 |           100 |              0 |          0.000596 |         0.000596 |                 0 |               0 |            1.19804  |        0.00236843 |       0.00317827 |                 16 |                   32 |       2 |         0.198345  |
| 106 |               167827 |        167827 |              0 |                100 |           100 |              0 |          0.000596 |         0.000596 |                 0 |               0 |            1.22337  |        0.00244952 |       0.00326834 |                 16 |                   32 |       4 |         0.198345  |
|   0 |               167827 |        167827 |              0 |                100 |           100 |              0 |          0.000596 |         0.000596 |                 0 |               0 |            1.3301   |        0.00263949 |       0.00367359 |                 16 |                   32 |       8 |         0.198345  |
|  92 |               167827 |        167827 |              0 |                100 |           100 |              0 |          0.000596 |         0.000596 |                 0 |               0 |            2.36666  |        0.00241397 |       0.0035936  |                 32 |                   32 |       1 |         0.198345  |
|  97 |               167827 |        167827 |              0 |                100 |           100 |              0 |          0.000596 |         0.000596 |                 0 |               0 |            2.37405  |        0.00280442 |       0.00368919 |                 32 |                   32 |       2 |         0.198345  |
|   9 |               167827 |        167827 |              0 |                100 |           100 |              0 |          0.000596 |         0.000596 |                 0 |               0 |            2.40169  |        0.00346348 |       0.00378406 |                 32 |                   32 |       4 |         0.198345  |
|  74 |               167827 |        167827 |              0 |                100 |           100 |              0 |          0.000596 |         0.000596 |                 0 |               0 |            2.51444  |        0.00363697 |       0.00409584 |                 32 |                   32 |       8 |         0.198345  |
|  78 |               167827 |        167827 |              0 |                100 |           100 |              0 |          0.000596 |         0.000596 |                 0 |               0 |            2.92891  |        0.00408633 |       0.00482775 |                 32 |                   32 |      16 |         0.198345  |
|  35 |               167827 |        167827 |              0 |                100 |           100 |              0 |          0.000596 |         0.000596 |                 0 |               0 |            4.73661  |        0.00328028 |       0.00458242 |                 64 |                   32 |       1 |         0.198345  |
|  73 |               167827 |        167827 |              0 |                100 |           100 |              0 |          0.000596 |         0.000596 |                 0 |               0 |            4.74038  |        0.0036229  |       0.0046554  |                 64 |                   32 |       2 |         0.198345  |
|  98 |               167827 |        167827 |              0 |                100 |           100 |              0 |          0.000596 |         0.000596 |                 0 |               0 |            4.77257  |        0.00432381 |       0.00477836 |                 64 |                   32 |       4 |         0.198345  |
|  25 |               167827 |        167827 |              0 |                100 |           100 |              0 |          0.000596 |         0.000596 |                 0 |               0 |            4.88189  |        0.00563712 |       0.00497919 |                 64 |                   32 |       8 |         0.198345  |
| 125 |               167827 |        167827 |              0 |                100 |           100 |              0 |          0.000596 |         0.000596 |                 0 |               0 |            5.30272  |        0.00606952 |       0.00566048 |                 64 |                   32 |      16 |         0.198345  |
|  49 |               167827 |        167827 |              0 |                200 |           200 |              0 |          0.001192 |         0.001192 |                 0 |               0 |            1.22682  |        0.00202986 |       0.00319949 |                 16 |                   16 |       1 |         0.198345  |
|   5 |               167827 |        167827 |              0 |                200 |           200 |              0 |          0.001192 |         0.001192 |                 0 |               0 |            1.23454  |        0.00243002 |       0.00330138 |                 16 |                   16 |       2 |         0.198345  |
| 109 |               167827 |        167827 |              0 |                200 |           200 |              0 |          0.001192 |         0.001192 |                 0 |               0 |            1.26273  |        0.00311473 |       0.00340763 |                 16 |                   16 |       4 |         0.198345  |
|  53 |               167827 |        167827 |              0 |                200 |           200 |              0 |          0.001192 |         0.001192 |                 0 |               0 |            1.37407  |        0.00330541 |       0.00373859 |                 16 |                   16 |       8 |         0.198345  |
| 116 |               167827 |        167827 |              0 |                200 |           200 |              0 |          0.001192 |         0.001192 |                 0 |               0 |            1.78649  |        0.00376725 |       0.00448155 |                 16 |                   16 |      16 |         0.198345  |
|  65 |               167827 |        167827 |              0 |                200 |           200 |              0 |          0.001192 |         0.001192 |                 0 |               0 |            2.45374  |        0.00248905 |       0.00379122 |                 32 |                   16 |       1 |         0.198345  |
|  26 |               167827 |        167827 |              0 |                200 |           200 |              0 |          0.001192 |         0.001192 |                 0 |               0 |            2.46376  |        0.00287299 |       0.00389048 |                 32 |                   16 |       2 |         0.198345  |
| 144 |               167827 |        167827 |              0 |                200 |           200 |              0 |          0.001192 |         0.001192 |                 0 |               0 |            2.49489  |        0.00360027 |       0.00402962 |                 32 |                   16 |       4 |         0.198345  |
|  50 |               167827 |        167827 |              0 |                200 |           200 |              0 |          0.001192 |         0.001192 |                 0 |               0 |            2.6002   |        0.00495914 |       0.00424585 |                 32 |                   16 |       8 |         0.198345  |
|  82 |               167827 |        167827 |              0 |                200 |           200 |              0 |          0.001192 |         0.001192 |                 0 |               0 |            3.01316  |        0.00541993 |       0.00495952 |                 32 |                   16 |      16 |         0.198345  |
| 124 |               167827 |        167827 |              0 |                200 |           200 |              0 |          0.001192 |         0.001192 |                 0 |               0 |            4.88978  |        0.00356328 |       0.00480772 |                 64 |                   16 |       1 |         0.198345  |
|  71 |               167827 |        167827 |              0 |                200 |           200 |              0 |          0.001192 |         0.001192 |                 0 |               0 |            4.89761  |        0.0042109  |       0.0048873  |                 64 |                   16 |       2 |         0.198345  |
| 139 |               167827 |        167827 |              0 |                200 |           200 |              0 |          0.001192 |         0.001192 |                 0 |               0 |            4.93585  |        0.00555476 |       0.00502014 |                 64 |                   16 |       4 |         0.198345  |
| 159 |               167827 |        167827 |              0 |                200 |           200 |              0 |          0.001192 |         0.001192 |                 0 |               0 |            5.04921  |        0.00817046 |       0.00522757 |                 64 |                   16 |       8 |         0.198345  |
|  63 |               167827 |        167827 |              0 |                200 |           200 |              0 |          0.001192 |         0.001192 |                 0 |               0 |            5.46711  |        0.00869408 |       0.00594072 |                 64 |                   16 |      16 |         0.198345  |
| 149 |               167827 |        167827 |              0 |                259 |           259 |              0 |          0.001543 |         0.001543 |                 0 |               0 |            0.638728 |        0.00138642 |       0.00164656 |                  8 |                   32 |       1 |         0.122769  |
|   1 |               167827 |        167827 |              0 |                283 |           283 |              0 |          0.001686 |         0.001686 |                 0 |               0 |            0.647748 |        0.00160144 |       0.00169547 |                  8 |                   32 |       2 |         0.122769  |
|   8 |               167827 |        167827 |              0 |                312 |           312 |              0 |          0.001859 |         0.001859 |                 0 |               0 |            0.628186 |        0.00130576 |       0.00163184 |                  8 |                   64 |       1 |         0.122769  |
|  84 |               167827 |        167827 |              0 |                330 |           330 |              0 |          0.001966 |         0.001966 |                 0 |               0 |            0.659658 |        0.00157105 |       0.0016993  |                  8 |                   16 |       1 |         0.122769  |
| 135 |               167827 |        167827 |              0 |                347 |           347 |              0 |          0.002068 |         0.002068 |                 0 |               0 |            0.667987 |        0.00161649 |       0.00177993 |                  8 |                   16 |       2 |         0.122769  |
|  69 |               167827 |        167827 |              0 |                355 |           355 |              0 |          0.002115 |         0.002115 |                 0 |               0 |            0.635244 |        0.00140033 |       0.00165757 |                  8 |                   64 |       2 |         0.122769  |
|  93 |               167827 |        167827 |              0 |                400 |           400 |              0 |          0.002383 |         0.002383 |                 0 |               0 |            1.31626  |        0.00210244 |       0.00340221 |                 16 |                    8 |       1 |         0.198345  |
|  47 |               167827 |        167827 |              0 |                400 |           400 |              0 |          0.002383 |         0.002383 |                 0 |               0 |            1.3267   |        0.0025005  |       0.00350961 |                 16 |                    8 |       2 |         0.198345  |
|  86 |               167827 |        167827 |              0 |                400 |           400 |              0 |          0.002383 |         0.002383 |                 0 |               0 |            1.35825  |        0.00325521 |       0.00365937 |                 16 |                    8 |       4 |         0.198345  |
|  62 |               167827 |        167827 |              0 |                400 |           400 |              0 |          0.002383 |         0.002383 |                 0 |               0 |            1.46184  |        0.00466054 |       0.00389189 |                 16 |                    8 |       8 |         0.198345  |
|  27 |               167827 |        167827 |              0 |                400 |           400 |              0 |          0.002383 |         0.002383 |                 0 |               0 |            1.8732   |        0.00514206 |       0.00461744 |                 16 |                    8 |      16 |         0.198345  |
| 121 |               167827 |        167827 |              0 |                400 |           400 |              0 |          0.002383 |         0.002383 |                 0 |               0 |            2.61096  |        0.0027803  |       0.00402312 |                 32 |                    8 |       1 |         0.198345  |
| 156 |               167827 |        167827 |              0 |                400 |           400 |              0 |          0.002383 |         0.002383 |                 0 |               0 |            2.62704  |        0.00348571 |       0.00413226 |                 32 |                    8 |       2 |         0.198345  |
| 150 |               167827 |        167827 |              0 |                400 |           400 |              0 |          0.002383 |         0.002383 |                 0 |               0 |            2.66221  |        0.00486419 |       0.004278   |                 32 |                    8 |       4 |         0.198345  |
| 111 |               167827 |        167827 |              0 |                400 |           400 |              0 |          0.002383 |         0.002383 |                 0 |               0 |            2.77155  |        0.00755843 |       0.00450082 |                 32 |                    8 |       8 |         0.198345  |
| 161 |               167827 |        167827 |              0 |                400 |           400 |              0 |          0.002383 |         0.002383 |                 0 |               0 |            3.1815   |        0.00811044 |       0.00524636 |                 32 |                    8 |      16 |         0.198345  |
|  83 |               167827 |        167827 |              0 |                400 |           400 |              0 |          0.002383 |         0.002383 |                 0 |               0 |            5.1594   |        0.00453124 |       0.0069958  |                 64 |                    8 |       2 |         0.245104  |
| 163 |               167827 |        167827 |              0 |                400 |           400 |              0 |          0.002383 |         0.002383 |                 0 |               0 |            5.17218  |        0.00369343 |       0.00540693 |                 64 |                    8 |       1 |         0.198345  |
|  36 |               167827 |        167827 |              0 |                400 |           400 |              0 |          0.002383 |         0.002383 |                 0 |               0 |            5.20842  |        0.00587973 |       0.00716333 |                 64 |                    8 |       4 |         0.245104  |
| 154 |               167827 |        167827 |              0 |                400 |           400 |              0 |          0.002383 |         0.002383 |                 0 |               0 |            5.33004  |        0.00863865 |       0.0074718  |                 64 |                    8 |       8 |         0.245104  |
| 140 |               167827 |        167827 |              0 |                400 |           400 |              0 |          0.002383 |         0.002383 |                 0 |               0 |            5.7539   |        0.0141042  |       0.00796793 |                 64 |                    8 |      16 |         0.245104  |
|  80 |               167827 |        167827 |              0 |                446 |           446 |              0 |          0.002657 |         0.002657 |                 0 |               0 |            0.673926 |        0.00167185 |       0.00188464 |                  8 |                   32 |       4 |         0.122769  |
|   2 |               167827 |        167827 |              0 |                465 |           465 |              0 |          0.002771 |         0.002771 |                 0 |               0 |            0.802464 |        0.00222154 |       0.00227444 |                  8 |                   16 |       8 |         0.122769  |
|  64 |               167827 |        167827 |              0 |                485 |           485 |              0 |          0.00289  |         0.00289  |                 0 |               0 |            0.694171 |        0.00200804 |       0.00191667 |                  8 |                   16 |       4 |         0.122769  |
|  38 |               167827 |        167827 |              0 |                529 |           529 |              0 |          0.003152 |         0.003152 |                 0 |               0 |            0.695834 |        0.00160164 |       0.00180134 |                  8 |                    8 |       1 |         0.122769  |
|  24 |               167827 |        167827 |              0 |                546 |           546 |              0 |          0.003253 |         0.003253 |                 0 |               0 |            0.705077 |        0.0019999  |       0.00189454 |                  8 |                    8 |       2 |         0.122769  |
|   7 |               167827 |        167827 |              0 |                585 |           585 |              0 |          0.003486 |         0.003486 |                 0 |               0 |            0.628916 |        0.00131142 |       0.00165027 |                  8 |                  128 |       2 |         0.122769  |
| 101 |               167827 |        167827 |              0 |                595 |           595 |              0 |          0.003545 |         0.003545 |                 0 |               0 |            0.337694 |        0.00105559 |       0.00122224 |                  4 |                   16 |       1 |         0.100959  |
| 119 |               167827 |        167827 |              0 |                633 |           633 |              0 |          0.003772 |         0.003772 |                 0 |               0 |            1.22632  |        0.00351819 |       0.00355795 |                  8 |                    8 |      16 |         0.176461  |
|  90 |               167827 |        167827 |              0 |                673 |           673 |              0 |          0.00401  |         0.00401  |                 0 |               0 |            0.847937 |        0.00291219 |       0.00234191 |                  8 |                    8 |       8 |         0.122769  |
| 143 |               167827 |        167827 |              0 |                681 |           681 |              0 |          0.004058 |         0.004058 |                 0 |               0 |            0.734511 |        0.00270373 |       0.00200403 |                  8 |                    8 |       4 |         0.122769  |
|  19 |               167827 |        167827 |              0 |                800 |           800 |              0 |          0.004767 |         0.004767 |                 0 |               0 |            1.47955  |        0.00240605 |       0.00364399 |                 16 |                    4 |       1 |         0.198345  |
|  57 |               167827 |        167827 |              0 |                800 |           800 |              0 |          0.004767 |         0.004767 |                 0 |               0 |            1.49402  |        0.00312971 |       0.00375799 |                 16 |                    4 |       2 |         0.198345  |
|  79 |               167827 |        167827 |              0 |                800 |           800 |              0 |          0.004767 |         0.004767 |                 0 |               0 |            1.5296   |        0.0045521  |       0.00391435 |                 16 |                    4 |       4 |         0.198345  |
|   4 |               167827 |        167827 |              0 |                800 |           800 |              0 |          0.004767 |         0.004767 |                 0 |               0 |            1.63722  |        0.00732578 |       0.00415346 |                 16 |                    4 |       8 |         0.198345  |
| 153 |               167827 |        167827 |              0 |                800 |           800 |              0 |          0.004767 |         0.004767 |                 0 |               0 |            2.04647  |        0.00791499 |       0.00491252 |                 16 |                    4 |      16 |         0.198345  |
|  34 |               167827 |        167827 |              0 |                800 |           800 |              0 |          0.004767 |         0.004767 |                 0 |               0 |            2.90125  |        0.00291407 |       0.00463935 |                 32 |                    4 |       1 |         0.198345  |
| 127 |               167827 |        167827 |              0 |                800 |           800 |              0 |          0.004767 |         0.004767 |                 0 |               0 |            2.91074  |        0.00386718 |       0.00632362 |                 32 |                    4 |       2 |         0.245104  |
| 113 |               167827 |        167827 |              0 |                800 |           800 |              0 |          0.004767 |         0.004767 |                 0 |               0 |            2.9566   |        0.00525587 |       0.0065013  |                 32 |                    4 |       4 |         0.245104  |
|  44 |               167827 |        167827 |              0 |                800 |           800 |              0 |          0.004767 |         0.004767 |                 0 |               0 |            3.08108  |        0.00813257 |       0.0068376  |                 32 |                    4 |       8 |         0.245104  |
| 110 |               167827 |        167827 |              0 |                800 |           800 |              0 |          0.004767 |         0.004767 |                 0 |               0 |            3.49709  |        0.0137179  |       0.00735222 |                 32 |                    4 |      16 |         0.245104  |
|  21 |               167827 |        167827 |              0 |                800 |           800 |              0 |          0.004767 |         0.004767 |                 0 |               0 |            5.72314  |        0.00448792 |       0.00785333 |                 64 |                    4 |       1 |         0.245104  |
|  75 |               167827 |        167827 |              0 |                800 |           800 |              0 |          0.004767 |         0.004767 |                 0 |               0 |            5.75898  |        0.00576808 |       0.00799524 |                 64 |                    4 |       2 |         0.245104  |
|  33 |               167827 |        167827 |              0 |                800 |           800 |              0 |          0.004767 |         0.004767 |                 0 |               0 |            5.82777  |        0.008386   |       0.00819574 |                 64 |                    4 |       4 |         0.245104  |
| 122 |               167827 |        167827 |              0 |                800 |           800 |              0 |          0.004767 |         0.004767 |                 0 |               0 |            5.96519  |        0.0137332  |       0.00853059 |                 64 |                    4 |       8 |         0.245104  |
| 120 |               167827 |        167827 |              0 |                800 |           800 |              0 |          0.004767 |         0.004767 |                 0 |               0 |            6.40878  |        0.0245732  |       0.00905969 |                 64 |                    4 |      16 |         0.245104  |
|  70 |               167827 |        167827 |              0 |                867 |           867 |              0 |          0.005166 |         0.005166 |                 0 |               0 |            0.359923 |        0.001187   |       0.0013248  |                  4 |                   32 |       4 |         0.100959  |
|  29 |               167827 |        167827 |              0 |                871 |           871 |              0 |          0.00519  |         0.00519  |                 0 |               0 |            0.35748  |        0.00113625 |       0.00125344 |                  4 |                    8 |       1 |         0.100959  |
|  77 |               167827 |        167827 |              0 |                874 |           874 |              0 |          0.005208 |         0.005208 |                 0 |               0 |            0.371394 |        0.00136658 |       0.00134117 |                  4 |                   16 |       4 |         0.100959  |
|  40 |               167827 |        167827 |              0 |                885 |           885 |              0 |          0.005273 |         0.005273 |                 0 |               0 |            0.334786 |        0.00112729 |       0.00123385 |                  4 |                   32 |       2 |         0.100959  |
| 162 |               167827 |        167827 |              0 |                919 |           919 |              0 |          0.005476 |         0.005476 |                 0 |               0 |            0.345793 |        0.00129862 |       0.00124939 |                  4 |                   16 |       2 |         0.100959  |
|  96 |               167827 |        167827 |              0 |                971 |           971 |              0 |          0.005786 |         0.005786 |                 0 |               0 |            0.787472 |        0.00167604 |       0.00200929 |                  8 |                    4 |       1 |         0.122769  |
| 142 |               167827 |        167827 |              0 |                997 |           997 |              0 |          0.005941 |         0.005941 |                 0 |               0 |            0.799291 |        0.00207228 |       0.00210646 |                  8 |                    4 |       2 |         0.122769  |
| 138 |               167827 |        167827 |              0 |               1083 |          1083 |              0 |          0.006453 |         0.006453 |                 0 |               0 |            0.503263 |        0.00195078 |       0.00181478 |                  4 |                    8 |       8 |         0.100959  |
|  61 |               167827 |        167827 |              0 |               1146 |          1146 |              0 |          0.006828 |         0.006828 |                 0 |               0 |            1.315    |        0.00492597 |       0.00369713 |                  8 |                    4 |      16 |         0.176461  |
| 112 |               167827 |        167827 |              0 |               1160 |          1160 |              0 |          0.006912 |         0.006912 |                 0 |               0 |            0.832396 |        0.00284811 |       0.00226215 |                  8 |                    4 |       4 |         0.122769  |
|  81 |               167827 |        167827 |              0 |               1172 |          1172 |              0 |          0.006983 |         0.006983 |                 0 |               0 |            0.938728 |        0.00431678 |       0.00250016 |                  8 |                    4 |       8 |         0.122769  |
|  87 |               167827 |        167827 |              0 |               1200 |          1200 |              0 |          0.00715  |         0.00715  |                 0 |               0 |            0.405981 |        0.00180993 |       0.00115368 |                  4 |                    8 |       4 |         0.0990866 |
|  22 |               167827 |        167827 |              0 |               1232 |          1232 |              0 |          0.007341 |         0.007341 |                 0 |               0 |            0.379481 |        0.00172488 |       0.00105965 |                  4 |                    8 |       2 |         0.0990866 |
| 118 |               167827 |        167827 |              0 |               1509 |          1509 |              0 |          0.008991 |         0.008991 |                 0 |               0 |            0.396899 |        0.00132088 |       0.00133915 |                  4 |                    4 |       1 |         0.100959  |
| 103 |               167827 |        167827 |              0 |               1600 |          1600 |              0 |          0.009534 |         0.009534 |                 0 |               0 |            1.77752  |        0.00253911 |       0.00427708 |                 16 |                    2 |       1 |         0.198345  |
|  85 |               167827 |        167827 |              0 |               1600 |          1600 |              0 |          0.009534 |         0.009534 |                 0 |               0 |            1.8679   |        0.00345909 |       0.00399613 |                 16 |                    2 |       2 |         0.169342  |
|  10 |               167827 |        167827 |              0 |               1600 |          1600 |              0 |          0.009534 |         0.009534 |                 0 |               0 |            1.9191   |        0.00490065 |       0.00418344 |                 16 |                    2 |       4 |         0.169342  |
|  48 |               167827 |        167827 |              0 |               1600 |          1600 |              0 |          0.009534 |         0.009534 |                 0 |               0 |            2.04033  |        0.00783483 |       0.0045222  |                 16 |                    2 |       8 |         0.169342  |
|  30 |               167827 |        167827 |              0 |               1600 |          1600 |              0 |          0.009534 |         0.009534 |                 0 |               0 |            2.39283  |        0.0134158  |       0.00545765 |                 16 |                    2 |      16 |         0.198345  |
| 133 |               167827 |        167827 |              0 |               1600 |          1600 |              0 |          0.009534 |         0.009534 |                 0 |               0 |            3.48444  |        0.00379567 |       0.00718274 |                 32 |                    2 |       1 |         0.245104  |
|  32 |               167827 |        167827 |              0 |               1600 |          1600 |              0 |          0.009534 |         0.009534 |                 0 |               0 |            3.53008  |        0.00514523 |       0.00735603 |                 32 |                    2 |       2 |         0.245104  |
|  52 |               167827 |        167827 |              0 |               1600 |          1600 |              0 |          0.009534 |         0.009534 |                 0 |               0 |            3.59175  |        0.00782808 |       0.00756009 |                 32 |                    2 |       4 |         0.245104  |
| 157 |               167827 |        167827 |              0 |               1600 |          1600 |              0 |          0.009534 |         0.009534 |                 0 |               0 |            3.73597  |        0.013392   |       0.00792936 |                 32 |                    2 |       8 |         0.245104  |
| 114 |               167827 |        167827 |              0 |               1600 |          1600 |              0 |          0.009534 |         0.009534 |                 0 |               0 |            4.16775  |        0.0244507  |       0.00847036 |                 32 |                    2 |      16 |         0.245104  |
|  11 |               167827 |        167827 |              0 |               1600 |          1600 |              0 |          0.009534 |         0.009534 |                 0 |               0 |            6.76967  |        0.00449887 |       0.00818244 |                 64 |                    2 |       1 |         0.245104  |
| 148 |               167827 |        167827 |              0 |               1600 |          1600 |              0 |          0.009534 |         0.009534 |                 0 |               0 |            6.84903  |        0.00518068 |       0.00834443 |                 64 |                    2 |       2 |         0.245104  |
|  68 |               167827 |        167827 |              0 |               1600 |          1600 |              0 |          0.009534 |         0.009534 |                 0 |               0 |            6.97991  |        0.006545   |       0.00856401 |                 64 |                    2 |       4 |         0.245104  |
|  20 |               167827 |        167827 |              0 |               1600 |          1600 |              0 |          0.009534 |         0.009534 |                 0 |               0 |            7.27237  |        0.00934465 |       0.00896182 |                 64 |                    2 |       8 |         0.245104  |
| 130 |               167827 |        167827 |              0 |               1600 |          1600 |              0 |          0.009534 |         0.009534 |                 0 |               0 |            8.17846  |        0.015117   |       0.00974061 |                 64 |                    2 |      16 |         0.245104  |
|  58 |               167827 |        167827 |              0 |               1714 |          1714 |              0 |          0.010213 |         0.010213 |                 0 |               0 |            0.94989  |        0.00340489 |       0.00309112 |                  4 |                    4 |      16 |         0.16565   |
|   3 |               167827 |        167827 |              0 |               1879 |          1879 |              0 |          0.011196 |         0.011196 |                 0 |               0 |            0.954792 |        0.00198789 |       0.00225767 |                  8 |                    2 |       1 |         0.122769  |
|  43 |               167827 |        167827 |              0 |               1906 |          1906 |              0 |          0.011357 |         0.011357 |                 0 |               0 |            0.54974  |        0.0026579  |       0.0018839  |                  4 |                    4 |       8 |         0.100959  |
|  28 |               167827 |        167827 |              0 |               1927 |          1927 |              0 |          0.011482 |         0.011482 |                 0 |               0 |            0.970644 |        0.00271798 |       0.00236143 |                  8 |                    2 |       2 |         0.122769  |
|  99 |               167827 |        167827 |              0 |               2000 |          2000 |              0 |          0.011917 |         0.011917 |                 0 |               0 |            0.417805 |        0.00178965 |       0.00118842 |                  4 |                    4 |       2 |         0.0990866 |
|  54 |               167827 |        167827 |              0 |               2020 |          2020 |              0 |          0.012036 |         0.012036 |                 0 |               0 |            0.447412 |        0.00250817 |       0.00129832 |                  4 |                    4 |       4 |         0.0990866 |
| 141 |               167827 |        167827 |              0 |               2196 |          2196 |              0 |          0.013085 |         0.013085 |                 0 |               0 |            1.00778  |        0.00417798 |       0.00252372 |                  8 |                    2 |       4 |         0.122769  |
|  15 |               167827 |        167827 |              0 |               2212 |          2212 |              0 |          0.01318  |         0.01318  |                 0 |               0 |            1.4922   |        0.00776485 |       0.00399881 |                  8 |                    2 |      16 |         0.176461  |
|  45 |               167827 |        167827 |              0 |               2232 |          2232 |              0 |          0.013299 |         0.013299 |                 0 |               0 |            1.12015  |        0.00708093 |       0.00277163 |                  8 |                    2 |       8 |         0.122769  |
| 129 |               167827 |        167827 |              0 |               2858 |          2858 |              0 |          0.017029 |         0.017029 |                 0 |               0 |            0.490562 |        0.00139711 |       0.0015507  |                  4 |                    2 |       1 |         0.100959  |
|  23 |               167827 |        167827 |              0 |               3200 |          3200 |              0 |          0.019067 |         0.019067 |                 0 |               0 |            2.46357  |        0.00340769 |       0.0049053  |                 16 |                    1 |       1 |         0.171295  |
|  95 |               167827 |        167827 |              0 |               3200 |          3200 |              0 |          0.019067 |         0.019067 |                 0 |               0 |            2.50304  |        0.00477012 |       0.00505492 |                 16 |                    1 |       2 |         0.172889  |
|  37 |               167827 |        167827 |              0 |               3200 |          3200 |              0 |          0.019067 |         0.019067 |                 0 |               0 |            2.57398  |        0.00755529 |       0.0052752  |                 16 |                    1 |       4 |         0.174921  |
| 126 |               167827 |        167827 |              0 |               3200 |          3200 |              0 |          0.019067 |         0.019067 |                 0 |               0 |            2.71099  |        0.0132262  |       0.00564034 |                 16 |                    1 |       8 |         0.176579  |
| 117 |               167827 |        167827 |              0 |               3200 |          3200 |              0 |          0.019067 |         0.019067 |                 0 |               0 |            3.08319  |        0.0244783  |       0.00660876 |                 16 |                    1 |      16 |         0.198345  |
| 160 |               167827 |        167827 |              0 |               3200 |          3200 |              0 |          0.019067 |         0.019067 |                 0 |               0 |            4.56467  |        0.0038094  |       0.00752775 |                 32 |                    1 |       1 |         0.245104  |
|  51 |               167827 |        167827 |              0 |               3200 |          3200 |              0 |          0.019067 |         0.019067 |                 0 |               0 |            4.64533  |        0.0045357  |       0.00770596 |                 32 |                    1 |       2 |         0.245104  |
| 155 |               167827 |        167827 |              0 |               3200 |          3200 |              0 |          0.019067 |         0.019067 |                 0 |               0 |            4.77844  |        0.00594723 |       0.00794497 |                 32 |                    1 |       4 |         0.245104  |
| 151 |               167827 |        167827 |              0 |               3200 |          3200 |              0 |          0.019067 |         0.019067 |                 0 |               0 |            5.07105  |        0.00883756 |       0.00836035 |                 32 |                    1 |       8 |         0.245104  |
|  18 |               167827 |        167827 |              0 |               3200 |          3200 |              0 |          0.019067 |         0.019067 |                 0 |               0 |            5.97894  |        0.0147911  |       0.00917526 |                 32 |                    1 |      16 |         0.245104  |
| 128 |               167827 |        167827 |              0 |               3200 |          3200 |              0 |          0.019067 |         0.019067 |                 0 |               0 |            8.98103  |        0.00578455 |       0.011562   |                 64 |                    1 |       1 |         0.345502  |
| 108 |               167827 |        167827 |              0 |               3200 |          3200 |              0 |          0.019067 |         0.019067 |                 0 |               0 |            9.44024  |        0.00663396 |       0.00808471 |                 64 |                    1 |       2 |         0.269384  |
| 107 |               167827 |        167827 |              0 |               3200 |          3200 |              0 |          0.019067 |         0.019067 |                 0 |               0 |            9.70512  |        0.00801381 |       0.00832202 |                 64 |                    1 |       4 |         0.269384  |
| 102 |               167827 |        167827 |              0 |               3200 |          3200 |              0 |          0.019067 |         0.019067 |                 0 |               0 |           10.2857   |        0.0108169  |       0.00876832 |                 64 |                    1 |       8 |         0.269384  |
| 137 |               167827 |        167827 |              0 |               3200 |          3200 |              0 |          0.019067 |         0.019067 |                 0 |               0 |           12.2651   |        0.0265777  |       0.00922345 |                 64 |                    1 |      16 |         0.267742  |
| 105 |               167827 |        167827 |              0 |               3377 |          3377 |              0 |          0.020122 |         0.020122 |                 0 |               0 |            1.04103  |        0.00485389 |       0.00323442 |                  4 |                    2 |      16 |         0.16565   |
|  46 |               167827 |        167827 |              0 |               3606 |          3606 |              0 |          0.021486 |         0.021486 |                 0 |               0 |            0.642542 |        0.00409547 |       0.00204545 |                  4 |                    2 |       8 |         0.100959  |
| 115 |               167827 |        167827 |              0 |               3697 |          3697 |              0 |          0.022029 |         0.022029 |                 0 |               0 |            0.514499 |        0.00186409 |       0.00140742 |                  4 |                    2 |       2 |         0.0990866 |
| 123 |               167827 |        167827 |              0 |               3700 |          3700 |              0 |          0.022047 |         0.022047 |                 0 |               0 |            1.26052  |        0.00212453 |       0.00290773 |                  8 |                    1 |       1 |         0.126284  |
| 100 |               167827 |        167827 |              0 |               3753 |          3753 |              0 |          0.022362 |         0.022362 |                 0 |               0 |            0.549938 |        0.00267546 |       0.00157006 |                  4 |                    2 |       4 |         0.0990866 |
| 131 |               167827 |        167827 |              0 |               3791 |          3791 |              0 |          0.022589 |         0.022589 |                 0 |               0 |            1.31115  |        0.00327959 |       0.00285125 |                  8 |                    1 |       2 |         0.145337  |
|  42 |               167827 |        167827 |              0 |               4285 |          4285 |              0 |          0.025532 |         0.025532 |                 0 |               0 |            1.35888  |        0.00474916 |       0.00303652 |                  8 |                    1 |       4 |         0.145337  |
| 145 |               167827 |        167827 |              0 |               4347 |          4347 |              0 |          0.025902 |         0.025902 |                 0 |               0 |            1.84644  |        0.0133976  |       0.00455713 |                  8 |                    1 |      16 |         0.176461  |
|  91 |               167827 |        167827 |              0 |               4367 |          4367 |              0 |          0.026021 |         0.026021 |                 0 |               0 |            1.46188  |        0.00737074 |       0.00357227 |                  8 |                    1 |       8 |         0.132039  |
|  31 |               167827 |        167827 |              0 |               5564 |          5564 |              0 |          0.033153 |         0.033153 |                 0 |               0 |            0.672595 |        0.00178343 |       0.00156749 |                  4 |                    1 |       1 |         0.101002  |
|  59 |               167827 |        167827 |              0 |               6699 |          6699 |              0 |          0.039916 |         0.039916 |                 0 |               0 |            1.22315  |        0.0077752  |       0.00354434 |                  4 |                    1 |      16 |         0.16565   |
| 134 |               167827 |        167827 |              0 |               7011 |          7011 |              0 |          0.041775 |         0.041775 |                 0 |               0 |            0.827982 |        0.00692557 |       0.0023235  |                  4 |                    1 |       8 |         0.101646  |
|  12 |               167827 |        167827 |              0 |               7120 |          7120 |              0 |          0.042425 |         0.042425 |                 0 |               0 |            0.689881 |        0.00252627 |       0.00166899 |                  4 |                    1 |       2 |         0.101617  |
|  76 |               167827 |        167827 |              0 |               7252 |          7252 |              0 |          0.043211 |         0.043211 |                 0 |               0 |            0.731357 |        0.00405478 |       0.00184152 |                  4 |                    1 |       4 |         0.102452  |