1 28
1 0
1 29
1 1
1 2a
1 2
1 2b
1 3
1 2c
1 4
1 2d
1 5
1 2e
1 6
1 2f
1 7
1 30
1 8
1 31
1 9
1 32
1 a
1 33
1 b
1 34
1 c
1 35
1 d
1 36
1 e
1 37
1 f
1 38
1 10
1 39
1 11
1 3a
1 12
1 3b
1 13
1 3c
1 14
1 3d
1 15
1 3e
1 16
1 3f
1 17
1 40
1 18
1 41
1 19
1 42
1 1a
1 43
1 1b
1 44
1 1c
1 45
1 1d
1 46
1 1e
1 47
1 1f
1 48
1 20
1 49
1 21
1 4a
1 22
1 4b
1 23
1 4c
1 24
1 4d
1 25
1 4e
1 26
1 4f
1 27
1 78
1 79
1 50
1 7a
1 51
1 7b
1 52
1 7c
1 53
1 7d
1 54
1 7e
1 55
1 7f
1 56
1 80
1 57
1 81
1 58
1 82
1 59
1 83
1 5a
1 84
1 5b
1 85
1 5c
1 86
1 5d
1 87
1 5e
1 88
1 5f
1 89
1 60
1 8a
1 61
1 8b
1 62
1 8c
1 63
1 8d
1 64
1 8e
1 65
1 8f
1 66
1 90
1 67
1 91
1 68
1 92
1 69
1 93
1 6a
1 94
1 6b
1 95
1 6c
1 96
1 6d
1 97
1 6e
1 98
1 6f
1 99
1 70
1 9a
1 71
1 9b
1 72
1 9c
1 73
1 9d
1 74
1 9e
1 75
1 9f
1 76
1 77
1 c8
1 a0
1 c9
1 a1
1 ca
1 a2
1 cb
1 a3
1 cc
1 a4
1 cd
1 a5
1 ce
1 a6
1 cf
1 a7
1 d0
1 a8
1 d1
1 a9
1 d2
1 aa
1 d3
1 ab
1 d4
1 ac
1 d5
1 ad
1 d6
1 ae
1 d7
1 af
1 d8
1 b0
1 d9
1 b1
1 da
1 b2
1 db
1 b3
1 dc
1 b4
1 dd
1 b5
1 de
1 b6
1 df
1 b7
1 e0
1 b8
1 e1
1 b9
1 e2
1 ba
1 e3
1 bb
1 e4
1 bc
1 e5
1 bd
1 e6
1 be
1 e7
1 bf
1 e8
1 c0
1 e9
1 c1
1 ea
1 c2
1 eb
1 c3
1 ec
1 c4
1 ed
1 c5
1 ee
1 c6
1 ef
1 c7
1 118
1 f0
1 119
1 f1
1 11a
1 f2
1 11b
1 f3
1 11c
1 f4
1 11d
1 f5
1 11e
1 f6
1 11f
1 f7
1 120
1 f8
1 121
1 f9
1 122
1 fa
1 123
1 fb
1 124
1 fc
1 125
1 fd
1 126
1 fe
1 127
1 ff
1 128
1 100
1 129
1 101
1 12a
1 102
1 12b
1 103
1 12c
1 104
1 12d
1 105
1 12e
1 106
1 12f
1 107
1 130
1 108
1 131
1 109
1 132
1 10a
1 133
1 10b
1 134
1 10c
1 135
1 10d
1 136
1 10e
1 137
1 10f
1 138
1 110
1 139
1 111
1 13a
1 112
1 13b
1 113
1 13c
1 114
1 13d
1 115
1 13e
1 116
1 13f
1 117
1 168
1 169
1 140
1 16a
1 141
1 16b
1 142
1 16c
1 143
1 16d
1 144
1 16e
1 145
1 16f
1 146
1 170
1 147
1 171
1 148
1 172
1 149
1 173
1 14a
1 174
1 14b
1 175
1 14c
1 176
1 14d
1 177
1 14e
1 178
1 14f
1 179
1 150
1 17a
1 151
1 17b
1 152
1 17c
1 153
1 17d
1 154
1 17e
1 155
1 17f
1 156
1 180
1 157
1 181
1 158
1 182
1 159
1 183
1 15a
1 184
1 15b
1 185
1 15c
1 186
1 15d
1 187
1 15e
1 188
1 15f
1 189
1 160
1 18a
1 161
1 18b
1 162
1 18c
1 163
1 18d
1 164
1 18e
1 165
1 18f
1 166
1 167
1 1b8
1 190
1 1b9
1 191
1 1ba
1 192
1 1bb
1 193
1 1bc
1 194
1 1bd
1 195
1 1be
1 196
1 1bf
1 197
1 1c0
1 198
1 1c1
1 199
1 1c2
1 19a
1 1c3
1 19b
1 1c4
1 19c
1 1c5
1 19d
1 1c6
1 19e
1 1c7
1 19f
1 1c8
1 1a0
1 1c9
1 1a1
1 1ca
1 1a2
1 1cb
1 1a3
1 1cc
1 1a4
1 1cd
1 1a5
1 1ce
1 1a6
1 1cf
1 1a7
1 1d0
1 1a8
1 1d1
1 1a9
1 1d2
1 1aa
1 1d3
1 1ab
1 1d4
1 1ac
1 1d5
1 1ad
1 1d6
1 1ae
1 1d7
1 1af
1 1d8
1 1b0
1 1d9
1 1b1
1 1da
1 1b2
1 1db
1 1b3
1 1dc
1 1b4
1 1dd
1 1b5
1 1de
1 1b6
1 1df
1 1b7
1 1e0
1 208
1 1e1
1 209
1 1e2
1 20a
1 1e3
1 20b
1 1e4
1 20c
1 1e5
1 20d
1 1e6
1 20e
1 1e7
1 20f
1 1e8
1 210
1 1e9
1 211
1 1ea
1 212
1 1eb
1 213
1 1ec
1 214
1 1ed
1 215
1 1ee
1 216
1 1ef
1 217
1 1f0
1 218
1 1f1
1 219
1 1f2
1 21a
1 1f3
1 21b
1 1f4
1 21c
1 1f5
1 21d
1 1f6
1 21e
1 1f7
1 21f
1 1f8
1 220
1 1f9
1 221
1 1fa
1 222
1 1fb
1 223
1 1fc
1 224
1 1fd
1 225
1 1fe
1 226
1 1ff
1 227
1 200
1 228
1 201
1 229
1 202
1 22a
1 203
1 22b
1 204
1 22c
1 205
1 22d
1 206
1 22e
1 207
1 22f
1 258
1 230
1 259
1 231
1 25a
1 232
1 25b
1 233
1 25c
1 234
1 25d
1 235
1 25e
1 236
1 25f
1 237
1 260
1 238
1 261
1 239
1 262
1 23a
1 263
1 23b
1 264
1 23c
1 265
1 23d
1 266
1 23e
1 267
1 23f
1 268
1 240
1 269
1 241
1 26a
1 242
1 26b
1 243
1 26c
1 244
1 26d
1 245
1 26e
1 246
1 26f
1 247
1 270
1 248
1 271
1 249
1 272
1 24a
1 273
1 24b
1 274
1 24c
1 275
1 24d
1 276
1 24e
1 277
1 24f
1 278
1 250
1 279
1 251
1 27a
1 252
1 27b
1 253
1 27c
1 254
1 27d
1 255
1 27e
1 256
1 27f
1 257
1 2a8
1 280
1 2a9
1 281
1 2aa
1 282
1 2ab
1 283
1 2ac
1 284
1 2ad
1 285
1 2ae
1 286
1 2af
1 287
1 2b0
1 288
1 2b1
1 289
1 2b2
1 28a
1 2b3
1 28b
1 2b4
1 28c
1 2b5
1 28d
1 2b6
1 28e
1 2b7
1 28f
1 2b8
1 290
1 2b9
1 291
1 2ba
1 292
1 2bb
1 293
1 2bc
1 294
1 2bd
1 295
1 2be
1 296
1 2bf
1 297
1 2c0
1 298
1 2c1
1 299
1 2c2
1 29a
1 2c3
1 29b
1 2c4
1 29c
1 2c5
1 29d
1 2c6
1 29e
1 2c7
1 29f
1 2c8
1 2a0
1 2c9
1 2a1
1 2ca
1 2a2
1 2cb
1 2a3
1 2cc
1 2a4
1 2cd
1 2a5
1 2ce
1 2a6
1 2cf
1 2a7
1 2f8
1 2d0
1 2f9
1 2d1
1 2fa
1 2d2
1 2fb
1 2d3
1 2fc
1 2d4
1 2fd
1 2d5
1 2fe
1 2d6
1 2ff
1 2d7
1 300
1 2d8
1 301
1 2d9
1 302
1 2da
1 303
1 2db
1 304
1 2dc
1 305
1 2dd
1 306
1 2de
1 307
1 2df
1 308
1 2e0
1 309
1 2e1
1 30a
1 2e2
1 30b
1 2e3
1 30c
1 2e4
1 30d
1 2e5
1 30e
1 2e6
1 30f
1 2e7
1 310
1 2e8
1 311
1 2e9
1 312
1 2ea
1 313
1 2eb
1 314
1 2ec
1 315
1 2ed
1 316
1 2ee
1 317
1 2ef
1 318
1 2f0
1 319
1 2f1
1 31a
1 2f2
1 31b
1 2f3
1 31c
1 2f4
1 31d
1 2f5
1 31e
1 2f6
1 31f
1 2f7
1 28
1 0
1 29
1 1
1 2a
1 2
1 2b
1 3
1 2c
1 4
1 2d
1 5
1 2e
1 6
1 2f
1 7
1 30
1 8
1 31
1 9
1 32
1 a
1 33
1 b
1 34
1 c
1 35
1 d
1 36
1 e
1 37
1 f
1 38
1 10
1 39
1 11
1 3a
1 12
1 3b
1 13
1 3c
1 14
1 3d
1 15
1 3e
1 16
1 3f
1 17
1 40
1 18
1 41
1 19
1 42
1 1a
1 43
1 1b
1 44
1 1c
1 45
1 1d
1 46
1 1e
1 47
1 1f
1 48
1 20
1 49
1 21
1 4a
1 22
1 4b
1 23
1 4c
1 24
1 4d
1 25
1 4e
1 26
1 4f
1 27
1 78
1 79
1 50
1 7a
1 51
1 7b
1 52
1 7c
1 53
1 7d
1 54
1 7e
1 55
1 7f
1 56
1 80
1 57
1 81
1 58
1 82
1 59
1 83
1 5a
1 84
1 5b
1 85
1 5c
1 86
1 5d
1 87
1 5e
1 88
1 5f
1 89
1 60
1 8a
1 61
1 8b
1 62
1 8c
1 63
1 8d
1 64
1 8e
1 65
1 8f
1 66
1 90
1 67
1 91
1 68
1 92
1 69
1 93
1 6a
1 94
1 6b
1 95
1 6c
1 96
1 6d
1 97
1 6e
1 98
1 6f
1 99
1 70
1 9a
1 71
1 9b
1 72
1 9c
1 73
1 9d
1 74
1 9e
1 75
1 9f
1 76
1 77
1 c8
1 a0
1 c9
1 a1
1 ca
1 a2
1 cb
1 a3
1 cc
1 a4
1 cd
1 a5
1 ce
1 a6
1 cf
1 a7
1 d0
1 a8
1 d1
1 a9
1 d2
1 aa
1 d3
1 ab
1 d4
1 ac
1 d5
1 ad
1 d6
1 ae
1 d7
1 af
1 d8
1 b0
1 d9
1 b1
1 da
1 b2
1 db
1 b3
1 dc
1 b4
1 dd
1 b5
1 de
1 b6
1 df
1 b7
1 e0
1 b8
1 e1
1 b9
1 e2
1 ba
1 e3
1 bb
1 e4
1 bc
1 e5
1 bd
1 e6
1 be
1 e7
1 bf
1 e8
1 c0
1 e9
1 c1
1 ea
1 c2
1 eb
1 c3
1 ec
1 c4
1 ed
1 c5
1 ee
1 c6
1 ef
1 c7
1 118
1 f0
1 119
1 f1
1 11a
1 f2
1 11b
1 f3
1 11c
1 f4
1 11d
1 f5
1 11e
1 f6
1 11f
1 f7
1 120
1 f8
1 121
1 f9
1 122
1 fa
1 123
1 fb
1 124
1 fc
1 125
1 fd
1 126
1 fe
1 127
1 ff
1 128
1 100
1 129
1 101
1 12a
1 102
1 12b
1 103
1 12c
1 104
1 12d
1 105
1 12e
1 106
1 12f
1 107
1 130
1 108
1 131
1 109
1 132
1 10a
1 133
1 10b
1 134
1 10c
1 135
1 10d
1 136
1 10e
1 137
1 10f
1 138
1 110
1 139
1 111
1 13a
1 112
1 13b
1 113
1 13c
1 114
1 13d
1 115
1 13e
1 116
1 13f
1 117
1 168
1 169
1 140
1 16a
1 141
1 16b
1 142
1 16c
1 143
1 16d
1 144
1 16e
1 145
1 16f
1 146
1 170
1 147
1 171
1 148
1 172
1 149
1 173
1 14a
1 174
1 14b
1 175
1 14c
1 176
1 14d
1 177
1 14e
1 178
1 14f
1 179
1 150
1 17a
1 151
1 17b
1 152
1 17c
1 153
1 17d
1 154
1 17e
1 155
1 17f
1 156
1 180
1 157
1 181
1 158
1 182
1 159
1 183
1 15a
1 184
1 15b
1 185
1 15c
1 186
1 15d
1 187
1 15e
1 188
1 15f
1 189
1 160
1 18a
1 161
1 18b
1 162
1 18c
1 163
1 18d
1 164
1 18e
1 165
1 18f
1 166
1 167
1 1b8
1 190
1 1b9
1 191
1 1ba
1 192
1 1bb
1 193
1 1bc
1 194
1 1bd
1 195
1 1be
1 196
1 1bf
1 197
1 1c0
1 198
1 1c1
1 199
1 1c2
1 19a
1 1c3
1 19b
1 1c4
1 19c
1 1c5
1 19d
1 1c6
1 19e
1 1c7
1 19f
1 1c8
1 1a0
1 1c9
1 1a1
1 1ca
1 1a2
1 1cb
1 1a3
1 1cc
1 1a4
1 1cd
1 1a5
1 1ce
1 1a6
1 1cf
1 1a7
1 1d0
1 1a8
1 1d1
1 1a9
1 1d2
1 1aa
1 1d3
1 1ab
1 1d4
1 1ac
1 1d5
1 1ad
1 1d6
1 1ae
1 1d7
1 1af
1 1d8
1 1b0
1 1d9
1 1b1
1 1da
1 1b2
1 1db
1 1b3
1 1dc
1 1b4
1 1dd
1 1b5
1 1de
1 1b6
1 1df
1 1b7
1 1e0
1 208
1 1e1
1 209
1 1e2
1 20a
1 1e3
1 20b
1 1e4
1 20c
1 1e5
1 20d
1 1e6
1 20e
1 1e7
1 20f
1 1e8
1 210
1 1e9
1 211
1 1ea
1 212
1 1eb
1 213
1 1ec
1 214
1 1ed
1 215
1 1ee
1 216
1 1ef
1 217
1 1f0
1 218
1 1f1
1 219
1 1f2
1 21a
1 1f3
1 21b
1 1f4
1 21c
1 1f5
1 21d
1 1f6
1 21e
1 1f7
1 21f
1 1f8
1 220
1 1f9
1 221
1 1fa
1 222
1 1fb
1 223
1 1fc
1 224
1 1fd
1 225
1 1fe
1 226
1 1ff
1 227
1 200
1 228
1 201
1 229
1 202
1 22a
1 203
1 22b
1 204
1 22c
1 205
1 22d
1 206
1 22e
1 207
1 22f
1 258
1 230
1 259
1 231
1 25a
1 232
1 25b
1 233
1 25c
1 234
1 25d
1 235
1 25e
1 236
1 25f
1 237
1 260
1 238
1 261
1 239
1 262
1 23a
1 263
1 23b
1 264
1 23c
1 265
1 23d
1 266
1 23e
1 267
1 23f
1 268
1 240
1 269
1 241
1 26a
1 242
1 26b
1 243
1 26c
1 244
1 26d
1 245
1 26e
1 246
1 26f
1 247
1 270
1 248
1 271
1 249
1 272
1 24a
1 273
1 24b
1 274
1 24c
1 275
1 24d
1 276
1 24e
1 277
1 24f
1 278
1 250
1 279
1 251
1 27a
1 252
1 27b
1 253
1 27c
1 254
1 27d
1 255
1 27e
1 256
1 27f
1 257
1 2a8
1 280
1 2a9
1 281
1 2aa
1 282
1 2ab
1 283
1 2ac
1 284
1 2ad
1 285
1 2ae
1 286
1 2af
1 287
1 2b0
1 288
1 2b1
1 289
1 2b2
1 28a
1 2b3
1 28b
1 2b4
1 28c
1 2b5
1 28d
1 2b6
1 28e
1 2b7
1 28f
1 2b8
1 290
1 2b9
1 291
1 2ba
1 292
1 2bb
1 293
1 2bc
1 294
1 2bd
1 295
1 2be
1 296
1 2bf
1 297
1 2c0
1 298
1 2c1
1 299
1 2c2
1 29a
1 2c3
1 29b
1 2c4
1 29c
1 2c5
1 29d
1 2c6
1 29e
1 2c7
1 29f
1 2c8
1 2a0
1 2c9
1 2a1
1 2ca
1 2a2
1 2cb
1 2a3
1 2cc
1 2a4
1 2cd
1 2a5
1 2ce
1 2a6
1 2cf
1 2a7
1 2f8
1 2d0
1 2f9
1 2d1
1 2fa
1 2d2
1 2fb
1 2d3
1 2fc
1 2d4
1 2fd
1 2d5
1 2fe
1 2d6
1 2ff
1 2d7
1 300
1 2d8
1 301
1 2d9
1 302
1 2da
1 303
1 2db
1 304
1 2dc
1 305
1 2dd
1 306
1 2de
1 307
1 2df
1 308
1 2e0
1 309
1 2e1
1 30a
1 2e2
1 30b
1 2e3
1 30c
1 2e4
1 30d
1 2e5
1 30e
1 2e6
1 30f
1 2e7
1 310
1 2e8
1 311
1 2e9
1 312
1 2ea
1 313
1 2eb
1 314
1 2ec
1 315
1 2ed
1 316
1 2ee
1 317
1 2ef
1 318
1 2f0
1 319
1 2f1
1 31a
1 2f2
1 31b
1 2f3
1 31c
1 2f4
1 31d
1 2f5
1 31e
1 2f6
1 31f
1 2f7
